8,10
19,21
79,86
5,7
6,8
67,71
29,35
63,70
11,13
17,23
8,10
113,118
12,14
98,105
58,60
162,165
54,60
0,7
58,60
27,30
9,14
7,12
89,95
116,120
15,22
82,85
6,8
6,8
24,26
13,19
22,37
108,115
0,4
91,102
243,249
99,106
23,29
6,8
24,29
209,215
15,17
155,161
12,14
169,189
4,8
7,19
56,58
247,255
8,10
310,317
18,21
181,192
44,46
0,7
8,10
77,79
2,6
11,25
243,249
347,354
68,77
2,4
31,33
24,26
8,14
192,198
19,24
34,36
0,6
42,49
93,95
77,82
12,14
8,16
33,37
18,20
80,87
158,165
25,32
31,36
93,99
32,34
214,222
81,83
28,30
37,51
8,20
6,8
18,20
13,15
34,41
104,111
151,163
7,19
109,121
13,15
2,7
227,230
32,36
7,10
0,3
64,69
194,200
38,43
64,70
41,48
23,30
46,52
8,10
90,97
68,70
5,7
140,144
56,61
2,7
30,38
84,86
10,12
33,35
8,10
6,8
60,67
67,69
130,139
14,25
71,77
26,28
61,63
46,52
136,143
144,146
11,17
35,41
6,8
50,55
27,29
34,36
13,15
12,14
34,36
2,8
29,31
8,15
63,68
58,60
8,10
17,20
72,80
8,15
33,44
21,28
21,23
91,98
27,32
106,114
283,289
13,17
72,78
0,6
2,7
255,265
52,58
40,52
69,75
36,41
6,8
195,202
84,90
25,32
28,30
47,49
53,57
137,140
36,43
27,33
33,35
123,126
84,89
11,16
86,93
46,52
0,2
37,39
210,215
38,40
124,131
6,8
88,91
2,8
70,72
0,3
6,17
53,60
211,222
100,111
18,20
17,24
156,163
8,10
103,111
30,34
6,8
39,45
52,56
135,141
74,76
75,83
7,9
77,79
211,214
88,90
85,92
105,107
192,203
37,39
92,100
8,10
6,21
0,7
74,81
3,5
9,11
7,12
65,72
29,31
74,81
49,51
33,39
14,21
21,23
22,29
26,28
0,2
37,54
12,14
18,20
74,80
81,83
331,336
76,78
13,20
18,20
3,5
180,186
171,182
0,11
11,16
57,59
0,2
46,55
83,93
161,166
31,36
351,357
7,9
6,8
79,81
2,10
312,319
84,90
163,165
0,3
184,190
0,2
6,8
7,13
55,57
12,14
66,68
190,197
27,34
98,104
119,126
0,3
34,39
18,21
32,34
7,14
43,49
27,30
113,115
71,75
6,8
8,14
0,6
6,8
32,36
0,6
117,124
58,60
38,49
85,87
54,61
3,9
13,15
0,2
12,15
16,18
11,13
5,9
10,12
60,68
106,113
0,8
29,35
99,106
6,8
73,77
15,21
75,83
0,6
93,104
18,20
117,121
14,20
0,3
197,208
2,5
7,9
294,301
0,6
0,3
4,10
44,50
6,8
67,74
30,33
115,122
48,51
43,45
7,9
18,24
11,15
63,65
60,65
61,63
16,18
117,123
12,14
21,23
88,94
187,192
7,12
93,95
2,12
54,61
11,18
29,34
103,110
45,52
54,56
6,13
11,13
51,57
19,24
12,18
98,102
15,17
202,204
87,89
6,8
96,102
0,6
330,332
82,89
283,294
16,22
14,16
3,9
45,61
6,12
21,26
14,16
60,71
82,89
0,3
394,409
82,86
218,220
12,14
4,17
95,103
15,22
20,26
7,9
231,238
10,25
22,24
143,149
17,23
42,44
27,29
137,143
10,12
189,191
22,37
6,8
31,33
30,32
51,53
221,223
173,180
32,39
79,81
98,100
63,68
118,120
25,27
27,34
62,64
57,59
18,20
22,27
163,168
8,10
35,42
28,34
42,44
0,8
6,11
27,29
105,116
8,23
17,19
20,22
13,19
118,126
107,113
109,114
63,70
30,32
0,11
113,118
62,69
90,96
32,39
0,6
0,6
20,22
50,52
25,40
79,84
33,35
81,85
6,8
103,110
19,25
34,42
44,47
46,48
8,10
80,87
252,254
11,16
25,31
7,17
19,21
107,116
169,176
0,3
122,129
6,8
6,8
53,59
11,26
21,24
55,57
113,119
65,70
62,68
4,10
6,8
73,79
137,142
7,10
175,184
7,10
8,10
62,64
26,30
51,53
28,35
48,54
44,46
13,15
70,76
6,8
95,101
30,37
55,60
171,178
8,10
7,11
26,31
81,88
7,9
53,57
87,98
10,13
5,11
181,183
23,28
59,65
98,104
46,48
17,19
31,38
0,8
48,55
277,292
5,8
27,35
122,128
8,10
59,61
146,148
12,14
101,108
204,212
105,110
18,23
36,38
7,9
33,39
215,219
15,17
6,13
32,37
79,81
64,69
97,112
7,9
361,363
7,9
56,58
224,231
115,121
53,65
93,94
148,151
6,8
29,31
7,9
128,135
3,5
9,14
81,83
209,220
126,132
32,37
22,29
7,9
5,7
6,8
69,71
117,126
32,34
28,30
7,9
59,70
127,131
71,79
15,21
46,52
8,10
136,139
36,43
17,23
6,20
46,48
35,43
3,5
7,13
9,11
138,145
130,134
10,12
7,12
114,119
7,12
146,158
97,104
0,8
0,7
155,163
8,10
40,42
16,23
7,9
79,81
37,39
6,8
130,135
29,31
65,67
44,51
110,116
115,117
20,22
6,12
8,10
34,36
120,125
18,20
116,122
53,59
13,15
130,132
107,112
110,112
92,96
98,100
25,27
8,10
14,16
43,47
29,31
96,102
8,10
40,42
231,236
7,9
2,4
180,191
18,20
191,198
42,46
6,8
151,158
77,80
65,72
122,129
85,87
31,33
7,14
42,47
117,124
63,68
109,112
98,102
64,70
21,28
5,7
93,100
2,4
23,28
23,25
72,74
8,10
35,41
105,107
10,12
61,63
49,59
6,8
41,48
111,121
209,216
45,47
27,29
6,8
41,43
136,144
74,81
0,7
12,19
190,196
43,51
73,79
8,10
6,8
41,52
10,12
10,12
98,104
48,50
28,33
93,99
44,46
89,96
21,26
99,106
11,17
183,189
5,7
2,4
190,197
7,9
98,104
36,38
24,26
119,127
38,49
111,127
86,88
13,20
5,7
152,154
27,30
12,14
112,118
102,106
12,14
108,114
13,16
8,10
213,220
0,3
32,34
7,13
11,14
8,10
67,74
2,4
8,10
52,54
123,130
10,12
76,78
7,12
39,45
13,15
264,275
63,65
8,10
184,186
106,113
23,29
28,30
13,15
133,141
171,178
17,19
6,12
185,189
22,27
107,109
172,178
19,22
63,70
2,8
64,72
6,8
227,233
2,7
10,12
45,56
2,5
16,21
183,185
6,8
82,94
13,18
81,83
8,15
52,59
10,12
77,84
35,50
11,16
74,81
8,10
48,56
15,16
14,16
26,28
43,50
0,8
10,16
6,8
188,193
52,58
109,116
14,16
10,12
172,174
0,6
19,25
107,109
0,9
96,103
27,29
185,191
6,12
135,139
92,98
6,8
7,9
5,7
50,56
87,93
6,12
53,58
290,292
0,15
89,94
20,25
57,63
21,25
47,51
155,158
33,41
2,7
29,31
83,95
6,10
68,72
71,73
22,28
23,25
12,24
127,129
40,42
19,21
297,307
35,39
62,64
182,186
260,266
12,18
82,88
115,117
37,43
86,88
11,13
53,55
199,206
54,56
8,10
5,7
17,20
58,62
20,24
94,100
23,30
55,61
113,120
6,8
43,45
13,15
5,10
7,9
48,53
39,41
52,58
303,311
186,188
98,106
71,74
60,67
83,85
78,80
27,31
265,270
125,127
5,7
34,43
47,49
6,8
28,30
169,176
6,8
134,141
34,49
68,70
151,157
70,76
8,10
67,69
39,41
6,8
53,64
44,49
70,79
77,88
52,54
57,64
22,27
0,4
10,12
0,2
107,115
20,26
69,77
12,16
16,18
24,26
198,200
10,12
67,73
39,41
6,8
87,89
0,6
71,76
158,162
57,62
44,50
179,181
0,3
7,9
129,136
0,3
45,52
22,27
33,38
6,8
103,110
53,55
88,90
78,81
28,30
175,180
0,6
14,16
113,119
96,103
47,51
80,85
172,174
10,12
71,84
27,29
0,6
76,84
5,7
90,92
162,169
278,285
184,190
48,55
128,130
118,125
35,50
102,109
45,50
16,18
5,7
79,87
4,6
55,65
68,70
2,5
11,16
49,55
101,108
65,71
132,139
10,14
87,94
113,120
36,38
80,90
4,15
4,8
6,8
144,151
7,17
345,353
154,157
6,12
16,18
11,17
72,79
93,95
36,38
10,12
7,14
74,84
63,65
56,58
214,220
30,37
104,119
34,36
0,3
79,85
172,179
6,8
0,2
120,122
7,9
24,26
4,6
281,288
8,14
0,5
61,66
0,8
21,27
8,10
68,74
0,4
62,65
57,64
26,28
2,11
6,12
46,48
6,8
103,111
28,30
7,9
59,61
182,188
12,14
64,66
11,21
40,47
151,163
273,276
65,70
225,232
55,59
32,39
56,58
109,119
4,8
31,37
101,106
68,75
189,195
35,41
16,18
151,158
62,69
8,10
162,168
25,29
39,46
187,193
46,54
184,190
6,8
0,6
8,10
130,132
54,59
64,71
28,30
16,20
68,75
276,282
68,75
44,46
54,56
13,19
7,9
7,14
301,311
10,12
161,168
59,63
21,27
42,47
14,16
92,97
67,72
47,49
32,34
55,58
72,79
24,30
97,101
81,85
31,41
15,17
10,12
261,268
125,132
102,108
13,15
11,17
58,60
183,194
39,41
115,126
22,24
68,74
43,45
58,60
296,298
108,111
10,12
419,425
12,14
6,8
341,349
19,21
12,14
12,14
79,86
16,21
34,37
44,50
44,53
93,105
6,8
123,130
14,16
6,12
148,154
61,71
76,82
49,51
2,5
42,44
11,19
76,85
53,58
78,80
0,6
26,32
2,5
31,37
14,20
15,17
14,16
2,4
16,18
92,99
394,401
5,7
200,203
151,156
5,7
71,78
43,54
21,23
0,5
0,11
8,10
111,117
121,128
10,12
6,8
9,14
18,24
6,13
125,132
8,10
47,49
23,27
152,157
46,50
75,79
16,22
147,149
240,247
5,7
12,14
147,154
14,16
29,31
164,166
143,148
11,14
20,27
71,78
74,81
134,137
8,10
29,31
0,6
6,8
113,115
15,23
10,12
21,23
14,16
252,259
49,55
2,4
18,20
79,81
86,90
36,38
205,212
7,10
70,75
60,66
94,100
25,27
6,8
15,19
124,130
13,19
76,80
115,117
15,17
4,6
3,10
46,53
7,12
81,88
51,63
285,293
8,10
12,14
60,62
16,18
11,13
67,69
7,9
189,200
51,62
37,44
93,95
31,33
92,101
43,45
32,38
39,41
33,35
221,228
153,155
76,82
98,105
6,8
99,106
4,8
44,46
127,134
21,27
145,152
149,159
30,41
8,10
196,200
54,60
8,15
126,131
124,139
51,53
58,65
41,47
69,75
152,163
84,86
19,26
28,32
0,6
12,21
118,120
295,301
36,47
25,27
24,30
0,5
127,139
0,6
9,11
333,335
121,129
0,3
0,5
2,9
52,59
132,136
4,10
5,7
31,38
167,173
61,63
141,145
12,19
8,10
34,36
33,40
21,23
95,102
346,352
14,16
48,55
127,132
6,8
80,89
0,3
17,26
176,182
37,39
49,51
19,25
22,24
26,28
82,92
6,8
30,35
50,52
3,10
8,10
96,101
0,5
56,64
0,6
42,46
17,19
159,165
80,82
8,10
58,64
301,311
155,157
69,71
28,33
21,26
7,9
28,31
6,8
45,47
7,9
223,228
26,32
49,55
6,8
173,180
0,4
26,34
193,198
46,48
42,47
14,16
182,184
105,112
89,96
4,7
40,48
39,41
0,6
214,221
2,9
19,21
14,16
76,80
0,6
21,23
120,122
7,13
67,75
32,38
10,14
66,73
30,37
27,29
40,42
303,308
130,132
12,14
49,55
61,65
97,112
46,53
152,158
79,86
180,187
10,16
8,13
8,10
75,82
101,107
83,85
79,90
6,8
147,149
238,243
50,52
61,69
4,9
7,9
7,9
203,207
285,291
13,15
23,31
21,26
53,60
29,31
19,21
55,57
123,129
10,16
24,26
307,311
8,10
33,38
0,12
29,41
22,29
55,62
29,34
234,241
72,77
14,16
31,38
36,44
102,109
35,42
2,4
66,73
89,96
172,178
23,25
12,19
24,26
65,76
6,8
248,263
8,10
112,119
20,23
5,7
96,102
60,75
14,19
34,36
3,9
47,49
20,22
11,17
88,93
164,171
129,135
7,9
74,81
200,209
45,48
115,129
129,135
47,54
141,149
100,110
160,167
106,113
277,283
19,21
9,12
17,19
205,212
38,40
6,8
0,3
3,5
106,121
0,10
152,159
45,47
8,10
19,21
7,10
188,193
54,59
78,84
34,41
0,4
28,34
8,10
7,9
17,19
5,7
34,40
26,28
8,10
83,85
211,213
45,52
71,73
113,118
25,31
46,57
167,173
6,8
95,102
25,27
80,82
0,7
0,7
53,55
75,77
43,47
7,9
211,216
0,2
90,92
10,12
26,28
21,23
27,32
198,203
18,20
18,23
49,61
6,8
0,2
26,30
7,19
117,124
238,245
0,5
10,21
13,34
83,89
15,17
76,87
6,8
110,120
163,166
47,49
78,85
158,165
52,56
26,28
47,49
19,21
79,84
60,66
12,14
17,23
214,216
47,54
113,123
74,81
8,10
118,126
152,154
8,10
15,21
93,100
11,13
58,65
148,159
5,10
286,293
12,15
62,69
6,8
76,80
8,10
32,34
84,90
9,12
19,24
88,90
153,160
207,212
178,184
104,106
133,135
71,76
7,19
70,72
148,151
46,48
130,138
44,50
7,19
33,41
0,2
13,15
75,77
108,115
31,36
89,97
102,105
7,13
0,6
176,178
50,55
47,49
43,48
10,17
21,23
93,95
6,8
10,17
83,85
43,51
196,199
222,228
114,121
20,22
95,102
182,189
41,43
16,24
6,12
23,29
0,6
151,158
24,26
9,16
97,106
22,28
4,9
44,60
59,65
0,7
21,23
91,93
123,129
80,87
7,14
0,7
25,27
26,28
28,30
25,27
139,150
145,149
22,24
62,64
173,176
29,31
77,89
0,7
123,130
71,73
149,154
5,7
37,39
0,2
9,11
338,345
5,16
18,23
35,37
107,115
6,8
245,251
27,37
6,12
10,12
96,105
6,8
5,12
293,300
17,19
202,204
76,83
25,30
7,9
25,28
0,3
38,49
98,100
6,8
57,68
92,97
181,188
28,34
110,112
88,93
75,86
54,56
18,20
85,87
156,162
8,10
109,115
56,67
7,19
16,18
98,104
5,7
176,178
151,153
37,42
97,99
67,74
10,12
278,287
57,64
8,10
37,39
33,38
6,8
80,91
21,32
7,9
63,69
131,138
17,25
37,43
34,41
134,145
9,15
44,46
10,12
12,14
49,51
20,22
107,112
208,214
45,47
223,229
9,11
25,30
35,47
147,150
147,152
16,18
78,84
11,13
38,53
36,42
7,9
115,126
18,21
3,5
31,34
42,44
7,9
13,21
82,87
9,11
107,111
5,16
23,25
6,12
60,67
0,3
191,197
210,219
83,87
22,24
182,188
41,43
186,188
136,150
224,231
17,22
81,83
41,43
8,10
216,222
10,17
75,77
85,90
5,8
0,5
50,52
30,32
55,61
189,196
52,60
0,3
146,158
34,41
64,69
58,64
8,10
57,59
0,7
7,13
135,142
0,7
44,46
8,10
140,146
71,73
134,140
12,18
0,5
12,19
155,162
5,7
53,55
119,123
117,119
0,2
44,46
11,13
34,36
71,77
44,46
124,131
19,21
63,68
57,64
78,82
22,29
195,197
15,17
8,10
10,12
188,193
57,64
112,118
140,146
23,25
2,4
8,15
100,102
22,24
173,188
13,15
106,108
45,49
50,57
9,15
77,82
24,29
8,10
5,10
28,30
87,94
39,45
81,88
50,52
62,69
15,20
54,60
15,26
18,20
12,14
41,52
6,8
34,36
6,8
20,22
42,44
31,35
153,159
26,28
36,43
119,124
150,156
8,15
8,10
63,68
97,109
43,48
25,31
87,94
196,202
71,73
36,38
148,154
39,42
11,18
22,26
0,7
33,36
13,15
67,69
23,30
46,54
20,22
209,211
6,8
171,182
0,6
32,39
79,87
34,36
16,18
44,46
6,8
0,2
7,9
30,32
12,14
28,30
88,90
11,26
7,13
29,31
0,2
5,11
35,41
6,8
134,136
149,155
21,23
15,17
20,27
74,81
111,117
30,37
7,9
147,149
79,81
6,8
44,51
54,57
39,41
100,106
288,290
57,59
92,97
79,84
126,132
100,105
0,2
6,8
57,64
118,124
17,19
118,123
0,5
288,293
71,77
43,49
36,38
83,85
0,7
8,13
53,57
20,22
5,7
372,376
73,77
5,7
98,104
16,21
10,12
13,20
47,53
50,57
73,81
6,8
52,60
22,26
90,100
25,30
10,12
7,13
7,9
9,15
87,89
37,39
90,98
28,39
68,75
82,84
276,278
103,111
12,14
80,87
5,7
52,59
2,5
4,6
6,8
102,108
8,10
183,187
14,20
26,35
48,51
25,31
13,15
90,96
222,231
31,33
171,177
82,97
32,34
38,40
67,79
6,12
0,6
77,79
86,91
125,137
77,82
25,27
13,20
243,249
40,47
24,26
211,217
17,26
77,93
76,81
8,10
47,54
245,251
33,42
186,187
7,10
8,15
180,186
6,8
40,47
110,116
0,2
121,125
218,226
73,76
154,159
203,210
31,33
12,14
53,56
29,31
55,61
114,122
2,5
16,22
72,79
5,16
220,226
104,109
5,12
6,8
6,8
115,125
6,13
32,34
58,60
10,12
12,18
72,79
22,24
229,231
194,197
30,32
16,18
9,12
142,150
147,154
259,263
90,97
32,34
128,135
179,185
110,112
0,6
5,7
353,357
20,24
8,14
97,105
9,11
8,10
49,56
0,4
145,152
4,10
5,7
16,30
250,252
141,147
79,81
83,90
2,9
13,15
48,54
40,47
16,18
13,15
7,12
51,57
54,56
3,5
45,47
19,21
2,6
6,8
166,172
26,28
71,78
4,6
25,30
116,122
123,125
62,68
17,20
14,24
26,32
8,10
95,97
314,329
133,140
67,70
44,46
50,62
7,11
51,58
49,51
50,56
355,365
71,78
8,14
111,115
16,18
40,42
18,20
116,118
71,77
164,167
8,10
118,121
32,34
28,35
166,173
96,99
14,16
271,274
178,182
44,56
62,64
91,106
8,10
286,291
11,17
10,12
38,43
146,157
2,7
12,27
246,251
25,27
68,74
48,54
29,37
8,14
98,104
20,22
209,211
58,69
4,6
7,9
135,137
44,49
291,298
53,64
28,30
152,158
0,2
0,12
34,35
20,25
8,10
8,11
31,33
0,10
0,2
0,3
144,149
97,99
7,11
15,17
12,18
2,8
40,46
41,48
0,11
42,44
40,42
139,146
31,38
99,106
115,123
12,14
185,191
8,13
22,28
35,37
0,6
19,21
130,136
8,10
7,12
101,105
27,29
29,31
7,12
128,134
6,8
173,176
3,5
27,34
174,176
6,12
113,118
38,40
50,57
43,48
53,59
207,220
19,27
65,67
4,10
35,40
115,122
119,123
14,16
7,12
19,21
16,18
21,25
34,40
44,46
53,60
0,2
6,8
51,59
45,51
25,32
11,13
10,12
19,21
103,108
20,31
57,59
71,78
7,9
65,72
170,172
41,45
106,112
6,8
27,34
75,81
113,115
63,65
8,10
231,237
124,135
82,88
63,74
40,47
13,15
45,47
14,21
10,17
69,77
21,23
67,69
22,24
70,72
55,57
95,101
124,129
16,28
12,14
2,9
228,233
62,69
53,55
165,172
98,104
54,56
2,7
92,98
221,227
11,16
14,16
0,4
8,10
34,36
58,60
37,45
0,2
162,168
8,10
30,37
27,34
12,14
81,88
6,12
17,24
53,60
4,10
17,22
68,71
10,17
121,132
189,195
13,17
50,57
101,108
0,11
79,84
459,462
13,19
52,54
210,216
0,2
112,117
28,30
8,13
85,93
36,41
94,101
12,14
63,70
31,37
78,85
117,119
6,8
36,38
43,45
291,295
6,8
71,77
54,60
8,10
41,43
20,26
134,141
178,185
4,8
10,12
7,14
0,6
190,197
63,65
242,248
6,8
19,27
39,41
159,170
77,82
99,104
80,87
6,8
4,6
8,10
59,61
81,88
7,11
116,130
59,70
72,80
9,15
71,73
12,14
131,137
24,29
22,27
13,15
18,21
9,14
169,171
44,50
7,9
4,10
208,215
46,48
189,196
147,154
7,12
24,26
116,120
7,9
135,142
10,12
24,26
136,143
14,16
0,12
45,47
40,48
114,125
95,100
331,338
176,182
67,74
85,91
7,12
104,111
13,17
124,131
178,189
95,98
0,3
6,8
81,83
7,12
38,40
38,40
16,18
68,75
352,357
166,168
230,238
23,28
2,5
92,96
58,73
193,200
30,32
29,39
10,12
60,62
55,61
88,90
53,55
4,10
8,15
67,72
210,217
23,28
2,13
34,41
12,20
113,117
66,73
142,144
132,138
246,261
15,22
81,83
25,28
26,28
59,61
155,157
14,16
66,68
165,169
53,55
72,79
106,112
91,98
11,17
203,211
36,38
152,155
115,117
0,3
0,2
101,112
8,10
0,3
320,328
8,10
247,254
21,28
26,34
176,178
40,46
14,16
60,67
17,19
125,136
160,165
160,171
62,64
8,14
0,2
36,44
62,68
52,67
6,8
5,7
16,31
6,8
131,133
0,2
47,52
39,46
49,51
25,27
109,113
156,161
164,172
31,33
154,157
6,8
206,213
30,32
40,46
22,28
160,171
7,9
154,156
103,122
24,31
50,59
6,11
6,8
18,20
455,457
11,13
15,17
23,27
6,8
7,9
109,111
25,39
13,19
62,68
44,51
49,51
211,219
153,159
44,50
33,39
2,5
17,19
6,12
22,24
38,44
8,10
1,3
99,102
122,128
23,25
13,15
65,71
192,199
218,220
250,256
26,33
123,130
16,18
18,20
2,4
38,43
16,18
44,46
0,3
15,21
423,430
54,60
5,7
11,13
13,20
89,91
123,130
47,51
126,133
12,14
89,100
31,37
36,38
298,310
23,28
4,9
29,31
6,8
8,15
144,149
17,19
232,239
45,56
61,63
62,64
0,2
18,20
71,73
35,40
17,23
31,37
97,103
67,76
26,29
145,156
9,17
76,83
101,107
238,245
24,26
32,34
31,33
98,105
91,93
18,24
111,113
18,30
10,12
155,157
7,13
18,20
20,23
7,12
127,134
0,5
15,19
12,14
7,9
51,57
131,139
35,38
155,166
61,63
34,40
276,278
102,109
104,112
15,21
12,14
133,136
124,131
48,50
5,7
176,183
55,60
5,7
39,43
8,15
55,66
16,19
66,69
103,109
212,218
64,69
56,63
62,69
68,75
17,20
89,92
0,7
91,95
146,148
71,73
87,94
32,34
34,36
15,24
58,60
37,42
120,123
8,18
7,9
3,11
207,218
0,3
152,158
255,261
6,8
0,3
11,17
10,12
121,126
334,344
100,105
198,205
18,28
14,16
266,276
44,46
23,28
83,90
7,9
37,44
76,82
0,2
53,60
75,83
0,6
15,22
9,14
23,26
209,211
42,44
7,12
3,10
67,69
7,18
184,188
99,111
150,156
18,20
65,69
23,43
6,8
5,9
41,47
16,21
118,120
210,217
7,9
43,45
87,89
7,9
0,7
189,191
8,10
151,158
16,23
54,69
7,14
44,50
13,15
20,22
14,18
7,9
83,85
29,37
6,8
55,57
5,7
12,14
12,18
45,51
53,56
82,92
143,145
8,10
34,36
11,16
42,44
86,88
258,273
17,19
30,32
72,79
61,68
152,163
218,224
89,96
10,17
280,286
125,131
59,61
10,14
17,19
158,162
40,42
167,172
147,154
11,17
55,57
6,8
23,29
17,19
49,56
22,28
78,85
52,58
212,216
8,10
109,115
2,6
8,10
5,7
22,28
48,50
176,182
20,26
6,8
44,51
43,51
34,40
47,51
15,30
36,37
6,8
33,43
184,189
11,14
91,97
72,79
60,71
51,54
38,46
89,96
40,42
10,12
50,59
28,32
10,12
58,64
218,233
79,87
71,73
0,6
140,147
152,159
43,46
9,16
186,188
184,189
12,17
39,41
47,54
13,27
120,123
0,7
32,37
52,59
11,14
7,9
38,44
32,39
0,8
83,85
9,11
33,35
37,39
24,26
25,32
6,20
148,150
107,114
24,26
2,9
8,10
40,42
242,257
8,10
92,98
151,157
8,10
36,41
202,207
29,36
34,39
10,12
44,46
38,40
16,22
14,16
24,26
0,5
23,28
7,14
62,68
10,12
24,26
5,16
7,9
48,55
10,14
6,8
55,61
146,152
23,25
394,409
29,31
136,142
41,43
186,197
8,10
225,232
6,12
6,8
59,61
315,321
89,91
9,15
6,11
5,11
57,59
100,111
7,9
74,81
7,10
8,13
128,130
53,58
13,15
7,12
79,82
12,14
98,104
70,72
339,346
107,113
2,4
56,63
294,301
14,17
33,35
18,20
98,109
19,21
25,31
2,4
96,102
0,2
127,132
88,90
12,14
120,126
20,25
80,90
48,50
54,66
18,23
0,6
122,128
39,41
26,28
17,24
214,222
76,78
92,94
8,14
174,185
115,126
0,2
86,88
6,8
88,94
60,62
6,8
39,41
79,85
107,109
0,6
44,50
43,49
345,353
18,20
10,12
22,24
23,25
104,111
62,68
147,157
10,16
59,65
15,21
8,10
13,20
4,7
140,147
149,159
0,9
172,179
8,10
8,16
140,142
67,70
25,27
55,62
35,42
22,24
53,58
11,18
0,3
20,22
8,14
52,58
5,11
423,430
14,21
58,60
196,199
0,6
11,13
22,27
133,137
128,130
71,78
0,2
8,10
10,17
0,2
2,7
112,118
58,61
139,143
202,204
125,127
80,82
2,9
33,40
71,78
116,122
262,265
8,10
118,123
267,278
12,14
87,94
6,12
21,26
75,86
105,109
57,64
155,157
82,89
20,25
13,20
0,2
6,8
30,32
104,106
19,24
13,20
46,51
15,22
6,8
153,156
2,14
0,2
36,40
16,22
74,81
127,142
36,38
114,122
11,13
86,88
37,43
114,118
7,12
7,9
0,2
52,59
2,9
143,154
6,8
116,122
6,8
131,138
22,24
16,22
7,9
46,53
20,29
5,10
10,12
126,128
31,33
56,58
348,363
95,106
151,157
23,27
17,22
0,5
101,107
34,41
64,69
81,87
220,227
13,19
0,7
0,3
87,89
0,12
17,19
129,136
0,2
159,164
28,34
82,87
65,67
95,102
248,263
67,69
11,13
105,107
42,44
6,12
147,154
15,20
26,31
46,48
22,24
34,36
32,34
135,137
67,72
29,31
8,10
71,77
81,83
173,180
8,10
120,123
50,56
23,29
202,208
21,25
77,79
7,9
59,67
58,60
21,27
18,20
31,38
93,95
39,41
150,156
73,80
7,9
75,83
299,310
7,9
50,52
39,41
10,12
191,197
0,11
7,11
28,30
48,54
22,24
66,68
27,38
6,8
6,13
198,204
241,248
111,117
0,7
57,59
0,6
118,129
13,15
87,94
38,40
46,51
18,23
6,8
8,16
26,29
111,122
17,19
189,195
141,143
0,3
74,81
70,77
10,12
12,14
7,12
6,8
203,210
177,188
34,40
37,43
0,7
11,13
33,35
5,10
13,15
25,31
113,115
40,47
113,123
2,5
19,22
96,103
36,43
6,8
25,31
377,392
33,38
93,95
122,128
8,10
0,2
68,76
17,20
8,10
79,85
0,12
97,101
0,6
22,24
43,51
35,37
12,14
0,2
0,11
4,6
3,5
19,21
7,9
53,60
33,40
19,30
353,357
14,16
68,70
28,30
58,61
138,149
15,17
159,161
82,88
11,13
77,81
7,9
12,14
7,12
151,158
69,75
53,56
156,163
144,146
0,11
6,8
12,14
190,194
10,12
109,116
228,230
10,12
116,122
2,4
8,10
38,43
217,222
57,59
37,39
23,29
21,26
135,142
0,6
182,184
17,19
428,440
8,10
19,25
28,35
24,30
34,36
16,23
108,116
107,109
64,70
8,10
32,36
0,7
10,12
122,129
0,6
0,12
32,34
16,19
177,187
85,92
51,56
63,72
146,158
22,28
7,15
134,140
79,86
12,23
7,13
51,58
53,68
68,71
246,256
25,34
54,61
23,26
239,246
29,31
0,6
59,62
31,37
23,25
10,12
17,24
16,23
62,69
278,287
14,19
107,112
29,35
28,30
84,87
23,25
0,5
107,109
107,109
94,99
0,3
79,81
12,14
12,14
196,199
88,90
8,10
44,46
12,15
7,11
21,23
189,196
13,18
20,22
0,6
22,29
59,65
54,56
129,136
140,144
28,34
12,14
56,58
0,6
127,133
7,9
224,231
17,19
14,16
35,37
8,17
0,5
62,66
188,195
83,85
101,103
150,156
74,81
106,108
159,161
52,54
31,33
162,168
278,285
36,42
51,58
60,65
218,226
12,14
166,172
99,105
94,99
71,73
15,19
12,19
127,129
0,7
5,12
206,213
201,206
59,64
107,112
83,89
6,8
68,71
25,30
12,14
17,22
37,39
10,12
10,17
23,29
60,65
130,132
205,213
32,38
77,93
31,43
29,35
152,158
3,5
94,101
31,38
238,246
22,24
195,202
21,27
41,48
60,68
31,33
49,54
137,140
20,35
5,9
45,47
271,277
8,10
63,65
11,15
6,12
76,78
42,49
12,14
107,109
0,4
125,128
178,189
7,9
50,55
152,158
11,15
89,97
180,187
163,169
8,13
79,81
90,97
7,9
0,2
94,100
93,100
225,232
84,90
18,26
22,27
6,10
8,10
353,357
10,12
39,44
49,51
158,160
13,15
276,282
58,62
106,113
7,9
7,9
37,39
22,24
100,106
6,8
57,59
0,11
6,12
6,8
33,39
45,48
5,7
65,68
8,10
12,18
7,9
29,31
43,45
4,10
6,8
189,200
135,146
27,29
121,126
6,11
59,66
0,7
140,146
44,49
35,37
6,8
6,8
39,45
168,175
12,19
130,138
79,86
39,44
38,43
22,33
51,53
98,104
25,27
170,178
15,17
2,7
111,123
22,24
20,27
70,72
4,10
181,188
2,4
85,87
127,137
10,12
98,106
88,90
7,9
55,65
107,113
6,8
41,43
24,31
46,48
54,56
103,110
34,36
104,111
10,16
2,9
62,69
128,134
35,42
79,84
0,2
75,82
152,158
73,79
18,20
80,89
47,50
45,52
0,8
280,291
28,33
106,114
18,20
14,16
99,106
194,200
153,155
60,68
98,100
91,96
25,31
119,124
8,10
119,127
19,21
11,15
171,178
15,22
46,53
20,22
0,2
2,7
291,298
19,21
13,15
133,135
33,35
18,25
286,293
148,151
98,103
134,140
0,6
181,188
39,45
121,128
66,74
200,203
24,26
8,14
139,150
2,6
18,21
0,7
21,23
2,7
92,99
114,116
12,14
130,136
16,22
125,128
29,31
59,66
15,23
113,117
7,9
53,55
53,59
100,102
14,16
34,40
101,105
16,21
224,231
7,12
160,167
34,40
18,22
10,12
186,187
7,12
22,27
178,185
56,61
87,93
49,56
44,46
18,24
15,16
0,7
6,8
48,55
128,135
12,14
89,95
0,6
5,7
18,23
0,6
0,12
202,204
28,30
6,12
6,8
7,9
81,89
22,28
0,2
75,82
61,63
32,34
66,74
37,39
132,138
18,20
118,120
158,165
6,8
82,84
270,272
8,10
26,29
20,31
6,8
38,40
98,107
0,3
53,64
53,55
80,89
7,12
34,40
119,130
2,4
23,28
239,255
39,46
103,115
107,116
116,122
54,65
8,10
13,20
24,26
138,141
100,106
88,90
130,136
45,47
115,130
151,163
38,40
0,3
2,4
15,16
4,10
11,17
67,74
0,6
10,12
89,96
21,23
64,70
34,36
0,2
6,8
4,10
125,127
33,39
21,25
57,64
7,9
151,158
72,79
78,83
15,21
105,108
7,19
55,61
33,39
0,5
50,56
188,190
28,33
20,22
110,115
99,106
197,208
0,7
7,12
41,43
27,31
31,35
266,276
11,21
219,226
117,119
199,209
0,9
6,8
76,78
50,52
88,91
9,15
10,12
12,27
56,64
108,115
176,182
37,44
2,5
189,191
11,15
99,101
0,2
101,107
29,31
127,129
25,27
113,118
459,462
50,62
10,12
37,39
33,38
93,100
0,5
26,28
8,10
173,180
39,44
0,2
58,64
24,30
0,7
63,70
5,16
231,239
310,317
0,6
0,10
25,27
10,17
82,89
176,178
34,39
28,30
140,144
154,160
5,7
15,24
219,229
142,147
7,9
12,14
20,22
87,89
25,27
29,34
127,139
37,42
6,8
96,102
0,12
28,33
50,52
20,22
7,9
333,335
2,6
47,49
10,12
103,110
33,38
134,136
0,7
23,25
87,89
30,37
12,14
2,4
214,217
21,24
338,345
21,23
15,21
99,106
0,5
58,62
53,59
53,58
79,86
0,6
140,155
10,12
90,97
5,7
51,58
245,251
14,16
10,12
59,65
134,140
91,97
6,8
5,8
170,179
17,19
88,90
45,47
0,7
20,25
15,22
37,39
29,32
7,9
7,9
18,20
12,16
39,41
98,104
5,7
209,220
0,7
87,93
74,81
119,130
106,113
202,204
0,6
0,3
119,127
276,283
6,8
341,349
7,10
5,7
0,7
2,7
5,7
7,13
17,19
250,256
19,25
267,273
8,10
19,21
45,47
72,79
159,165
49,55
145,154
42,47
330,332
54,60
122,129
12,16
22,24
12,14
127,138
12,14
55,65
11,16
16,18
271,274
7,12
8,10
77,93
134,136
62,64
12,14
98,105
75,79
103,111
7,9
133,140
73,79
76,82
8,10
59,61
68,82
75,82
115,122
90,94
37,39
64,70
0,3
36,38
250,252
31,35
8,10
8,14
188,199
181,188
10,12
136,141
0,3
54,61
160,169
6,8
67,72
148,154
8,17
127,134
0,2
15,17
7,9
13,16
7,9
71,78
393,408
6,8
59,61
13,19
10,12
28,34
103,105
147,154
184,190
0,4
58,64
55,65
68,78
8,10
7,9
212,222
19,21
69,77
87,89
39,46
197,208
342,346
6,8
5,7
13,18
41,43
118,120
0,8
42,44
55,61
66,73
8,10
22,28
128,134
87,92
8,14
99,101
110,112
6,8
41,43
131,136
4,9
311,318
6,8
100,105
81,87
144,151
127,129
25,27
19,24
22,28
10,12
39,46
21,23
8,12
43,49
372,376
9,15
8,10
39,46
21,23
10,12
83,85
5,10
8,10
12,14
18,24
31,33
37,39
14,19
30,35
22,24
15,17
93,100
133,136
142,148
0,3
69,75
166,169
10,12
2,13
52,54
96,103
82,85
86,91
104,109
35,37
20,22
23,27
92,99
7,10
177,183
54,60
85,87
269,274
2,4
238,250
8,10
13,20
102,105
107,113
152,163
210,216
126,133
53,57
211,218
46,53
341,349
41,44
49,51
169,189
28,34
49,61
32,36
61,65
0,8
73,77
262,268
14,16
24,26
222,224
296,300
223,229
0,2
7,9
7,9
117,122
88,94
113,117
25,27
8,13
290,292
181,188
17,24
10,12
9,18
192,199
151,157
192,197
12,14
7,12
9,11
28,30
23,29
95,101
2,7
54,61
98,106
22,24
62,64
69,75
30,36
53,57
7,9
8,10
35,38
155,157
58,65
30,37
11,14
6,8
26,28
0,6
167,169
95,101
83,89
60,62
118,120
76,80
2,7
394,409
108,111
74,81
131,137
112,122
20,25
106,114
7,9
37,39
19,21
79,85
62,64
22,29
85,92
66,72
6,8
64,75
6,8
12,14
71,75
8,10
6,8
8,13
202,208
53,64
151,157
71,76
22,24
82,87
109,116
93,95
199,203
7,14
49,55
11,13
110,115
7,9
160,178
6,8
71,77
0,11
2,7
34,40
45,56
106,113
64,69
114,118
8,10
92,99
44,50
60,67
24,26
75,82
214,221
80,87
34,45
7,9
6,8
17,23
14,16
39,46
47,57
49,51
57,64
229,241
64,71
38,44
94,96
33,35
69,77
192,198
153,160
17,19
0,4
89,96
21,23
26,28
149,156
34,36
126,129
7,9
213,220
24,33
7,9
73,81
58,60
31,39
74,81
27,32
105,108
2,4
17,23
7,9
6,20
226,234
60,67
175,184
98,104
0,12
24,26
98,100
7,9
56,58
4,10
36,43
14,25
4,10
7,9
34,40
0,10
49,55
17,24
27,33
59,64
22,24
0,6
24,26
55,66
2,9
25,30
71,73
21,27
29,41
96,103
184,189
9,12
34,36
169,180
6,7
64,70
70,74
100,106
12,14
2,9
39,41
6,8
6,8
23,26
46,50
199,207
54,60
48,55
2,5
38,40
11,14
47,49
6,8
49,51
13,15
15,19
13,15
2,5
83,98
68,75
19,21
6,8
113,117
17,19
50,55
8,15
35,42
8,13
6,8
305,310
79,87
104,119
63,78
133,136
87,93
28,30
24,26
77,88
88,95
11,13
15,17
30,32
32,37
227,230
90,95
163,169
73,77
162,166
171,180
53,56
69,71
22,27
103,111
49,55
17,19
7,12
38,40
15,20
76,85
20,25
17,19
47,49
218,225
181,188
147,154
141,145
8,10
0,6
77,79
264,269
15,24
344,351
8,10
164,171
19,25
69,72
82,88
63,66
23,25
31,33
102,108
37,45
40,42
170,173
75,81
130,138
222,237
62,65
9,15
0,6
35,37
209,220
8,10
6,11
32,34
23,26
0,7
8,14
99,105
27,32
26,28
67,71
9,11
41,48
13,18
13,15
2,5
151,161
17,19
232,239
27,38
63,72
6,8
25,29
6,8
28,30
143,152
10,12
12,18
56,61
84,86
81,83
122,129
6,8
6,8
145,152
23,27
7,13
84,86
25,27
21,25
79,81
11,16
20,22
20,23
20,22
13,15
2,5
30,36
229,231
39,41
20,22
28,30
38,40
5,7
65,69
2,9
26,28
13,15
31,33
21,27
118,120
34,39
16,18
0,3
2,8
13,15
47,54
77,81
8,10
13,15
11,17
70,73
55,58
145,152
215,222
7,12
143,149
310,315
0,7
38,40
10,12
12,14
7,9
9,11
144,146
10,15
8,10
72,78
211,219
5,8
35,47
52,58
65,80
12,18
98,105
10,12
39,41
86,89
18,20
7,12
20,31
66,73
104,119
39,41
137,144
70,72
26,32
0,5
189,195
62,65
29,31
24,26
184,188
7,9
125,137
457,464
24,29
57,68
144,146
6,12
5,7
20,22
69,71
286,293
44,46
10,12
6,8
142,147
24,26
85,87
45,51
79,86
88,94
96,103
8,10
6,8
23,25
167,173
98,104
64,69
100,109
26,28
0,3
7,15
98,105
140,151
110,112
49,55
17,23
57,59
0,8
171,178
19,21
31,38
80,85
48,50
39,41
5,16
32,39
48,51
25,30
211,215
178,189
164,170
12,17
2,13
61,63
8,10
22,27
60,62
33,38
353,357
87,93
6,8
143,149
19,22
18,30
62,64
11,16
66,72
247,254
53,55
157,164
101,108
46,54
10,12
35,37
26,28
31,33
5,7
180,184
84,95
134,140
0,14
6,8
13,15
5,12
246,253
5,7
56,63
12,14
19,21
71,73
120,126
63,70
7,10
6,12
30,37
100,111
25,27
160,165
139,141
6,8
37,43
45,47
76,83
107,112
10,15
8,17
24,26
18,26
29,31
126,131
31,33
6,8
7,9
18,29
15,22
104,109
20,25
7,10
134,140
14,19
219,226
152,159
0,2
59,61
86,88
164,175
5,9
10,12
28,33
246,252
25,27
29,37
16,21
189,191
124,134
15,17
62,64
74,83
136,143
6,8
16,31
6,8
132,136
38,42
7,9
7,9
133,137
18,22
53,60
25,33
53,62
11,13
25,31
56,63
116,122
38,40
9,11
96,102
3,5
29,36
107,111
228,234
84,91
179,181
172,174
20,22
209,211
31,37
5,7
44,46
0,6
2,7
8,14
66,68
116,123
0,3
0,8
12,14
0,3
12,14
11,23
118,121
50,52
13,15
191,198
8,10
57,63
71,77
43,49
80,82
166,173
11,14
35,37
31,37
19,25
31,38
49,55
19,21
19,21
178,185
44,51
7,9
11,17
2,11
207,209
265,270
45,47
8,10
7,9
18,25
19,26
24,26
89,96
42,44
6,20
36,43
50,56
2,4
19,24
3,5
160,165
23,30
106,108
74,81
9,11
6,8
57,64
43,51
7,9
171,178
41,44
0,3
109,121
129,136
40,46
191,198
146,152
93,95
7,9
261,267
23,35
3,5
219,224
18,20
419,425
51,53
97,105
15,17
71,74
13,18
34,35
118,124
24,31
176,178
115,125
29,31
103,111
2,8
6,8
93,95
34,36
14,16
38,40
0,12
29,31
67,72
102,109
25,27
13,15
155,159
7,9
83,85
25,27
6,8
5,12
0,2
110,116
184,190
62,68
107,113
0,6
4,9
27,32
54,60
12,18
102,104
106,114
28,39
252,257
8,14
2,5
38,44
7,9
0,13
24,26
423,430
12,14
30,37
6,12
13,18
149,156
66,68
22,28
14,16
22,28
7,9
8,10
32,34
14,20
15,17
93,95
7,18
162,167
8,14
66,70
8,10
55,58
32,34
54,56
21,23
23,38
85,90
48,51
249,255
95,100
26,28
115,117
137,139
6,8
178,189
5,7
27,29
23,29
74,85
24,26
21,26
8,10
16,21
30,35
34,41
22,29
103,114
8,10
7,13
184,194
142,144
45,47
0,15
71,78
22,27
21,23
8,10
0,8
0,6
125,136
57,59
196,202
31,33
0,2
43,51
9,11
12,14
69,76
189,195
0,7
161,165
2,8
247,254
24,29
19,21
5,7
219,225
45,50
62,69
34,41
0,8
31,36
40,44
8,15
26,28
129,135
26,28
55,65
64,70
2,5
58,65
103,109
75,82
111,113
0,6
10,15
62,69
0,6
42,44
75,83
117,123
0,5
133,135
158,165
8,10
32,36
28,33
8,10
2,5
76,78
27,29
13,15
107,117
8,10
214,222
6,8
118,125
21,25
6,8
10,12
62,69
23,25
46,53
117,119
8,10
14,24
104,109
248,254
56,63
17,19
13,18
10,15
7,9
98,100
37,42
6,8
80,86
272,274
49,55
16,18
18,21
26,32
102,109
28,30
134,136
101,105
78,84
82,89
129,135
108,115
200,203
14,29
25,27
110,120
67,73
6,8
8,14
50,52
16,18
394,409
155,162
36,38
60,67
50,57
12,14
200,203
0,6
6,12
345,353
72,78
12,14
25,31
60,71
6,8
2,5
269,275
6,8
98,105
45,48
36,38
105,116
74,76
10,12
166,172
370,377
6,8
71,73
43,47
21,23
38,49
25,27
85,92
76,78
0,6
202,208
34,36
18,21
37,42
33,38
7,15
3,5
7,12
112,121
12,17
24,26
335,341
0,3
147,149
26,30
223,231
82,88
8,10
88,93
180,186
111,114
16,21
89,96
0,3
8,10
6,8
204,211
2,9
74,81
52,58
130,137
117,121
285,291
33,40
24,26
231,236
5,7
2,4
9,12
63,69
59,70
0,6
54,56
53,55
17,23
63,72
38,43
5,8
8,10
6,13
12,17
31,43
0,8
275,282
50,57
175,184
10,12
40,47
56,63
116,122
8,15
46,50
302,308
30,35
4,10
8,11
10,16
124,131
70,77
8,14
53,57
16,22
10,12
68,75
254,256
52,58
33,38
7,13
6,12
45,52
114,125
103,109
83,90
25,28
0,5
15,17
0,7
15,22
394,409
151,155
7,9
41,48
192,194
276,281
8,14
4,10
321,328
57,59
40,44
81,88
19,24
22,27
9,11
178,185
66,72
33,40
74,76
69,71
65,70
29,35
67,69
0,5
2,7
48,50
192,203
139,150
276,282
118,129
83,85
332,347
39,41
15,21
5,7
8,10
31,38
51,59
133,138
7,12
15,20
91,93
12,14
23,25
8,10
92,96
249,255
17,19
6,8
2,5
3,5
119,127
55,69
29,31
51,59
229,240
109,115
12,27
12,19
101,108
23,29
0,5
64,66
13,15
134,142
118,125
8,10
138,145
37,44
63,70
20,26
12,24
51,59
0,11
13,15
34,36
40,42
6,8
173,180
65,77
33,40
193,198
30,36
33,35
42,44
89,91
12,14
132,136
147,150
10,12
12,18
136,141
81,87
95,102
195,201
6,8
12,14
121,127
13,16
87,94
131,141
16,23
128,130
2,6
26,28
34,40
127,132
84,89
147,149
133,135
98,103
16,21
191,197
5,7
206,213
0,6
12,19
29,35
184,190
41,48
199,206
125,140
50,52
109,121
210,216
29,32
31,38
4,9
76,82
97,99
2,4
6,12
67,69
8,23
27,29
19,27
124,126
10,17
46,53
114,118
54,59
20,22
21,27
99,101
8,10
44,49
3,8
76,78
5,14
112,119
7,9
3,9
8,11
24,26
350,365
85,91
10,12
196,203
14,16
54,61
28,30
40,42
81,83
38,47
3,8
46,57
17,23
145,160
39,41
170,178
5,7
15,17
40,42
18,22
183,187
27,32
4,6
95,101
117,126
18,23
14,16
35,37
44,46
31,37
133,137
94,101
44,50
13,16
12,14
35,42
46,50
87,92
130,132
90,93
97,102
54,61
78,88
19,21
7,14
4,9
59,66
19,27
56,58
58,65
88,94
21,32
30,32
31,33
150,156
51,56
171,182
39,50
26,28
58,60
24,26
7,9
22,24
15,23
119,124
53,60
56,63
6,8
116,130
77,80
61,65
60,65
94,100
46,48
209,211
40,42
125,131
64,70
55,61
8,10
19,21
7,9
132,139
8,14
80,85
10,12
34,36
5,6
16,21
26,28
13,15
43,48
243,249
17,20
23,25
98,105
7,18
19,21
247,254
181,186
7,15
0,3
5,12
6,8
18,20
347,352
4,9
87,94
12,17
8,10
133,141
6,8
20,22
109,121
4,6
17,23
57,59
3,5
32,36
6,8
19,26
72,74
60,71
7,9
67,69
100,106
10,14
48,55
8,10
62,68
49,60
21,25
0,6
108,115
176,182
121,131
71,78
30,38
97,99
56,58
6,12
108,111
239,246
4,6
54,61
94,100
99,106
29,35
6,8
196,200
82,88
57,64
93,105
55,66
47,52
290,292
59,64
150,157
85,87
32,38
8,10
11,13
145,152
76,83
113,117
204,214
6,8
49,55
15,22
24,26
23,29
99,103
108,114
75,86
2,9
9,14
97,99
73,80
25,33
26,28
7,9
0,3
63,74
217,221
10,12
0,2
317,332
29,31
56,63
24,26
89,96
87,93
134,144
169,177
11,16
4,10
122,130
62,64
9,11
54,59
11,14
294,302
171,173
11,17
262,266
67,76
99,102
94,100
75,77
102,109
38,43
153,162
35,38
85,91
23,33
55,57
239,254
84,89
13,15
36,40
7,12
19,21
63,69
6,8
13,15
6,12
7,9
143,149
43,52
10,12
21,23
114,119
6,8
5,7
16,19
5,7
84,90
442,448
143,150
76,78
77,92
11,13
48,55
109,116
8,10
20,22
336,340
11,13
134,141
9,11
15,17
16,18
23,30
89,91
74,76
0,3
113,120
67,70
73,79
6,8
0,2
104,106
38,40
13,20
187,193
173,180
345,353
15,20
0,5
58,64
17,22
29,31
65,67
18,24
48,50
103,111
87,98
45,52
2,4
49,64
43,45
38,40
69,77
97,104
73,81
0,4
255,261
83,85
140,146
44,51
76,82
14,16
5,12
2,7
0,11
71,76
79,81
79,81
36,38
9,14
78,80
113,118
33,41
25,30
41,47
23,29
114,120
23,30
18,23
51,56
6,8
49,56
51,53
17,19
22,24
6,11
103,108
225,232
140,146
51,53
53,57
0,6
19,21
144,146
12,24
62,64
147,149
316,322
29,41
12,27
72,76
20,22
28,30
14,19
83,90
27,35
27,29
17,22
186,188
73,88
66,70
15,17
10,25
0,5
6,21
10,12
29,36
225,232
11,22
104,111
71,73
0,3
28,30
32,36
22,24
12,14
171,178
64,71
111,113
121,126
0,6
7,12
59,61
5,12
0,5
54,56
10,13
13,28
28,30
225,231
132,139
46,53
45,52
23,25
96,102
0,2
14,16
20,22
21,23
75,80
104,112
6,8
8,10
100,106
20,22
33,38
26,28
201,209
35,42
199,206
392,399
11,13
7,12
0,6
49,55
103,108
24,32
267,276
16,18
7,9
19,21
11,17
54,59
11,16
31,38
25,27
18,20
112,118
0,3
72,77
7,9
42,44
6,8
8,10
7,9
110,114
20,25
60,68
96,102
96,101
12,18
197,204
151,158
61,66
8,10
7,13
7,9
8,10
62,64
139,154
153,160
126,131
0,6
37,46
37,51
139,141
62,64
12,18
38,41
14,16
89,96
19,22
6,8
176,182
52,57
91,93
47,54
0,6
258,263
38,43
12,19
23,25
27,29
30,32
18,20
265,270
45,47
6,8
189,195
4,10
5,7
17,19
159,167
115,123
27,35
192,198
5,7
77,79
71,77
52,60
0,5
7,13
6,8
45,47
2,6
48,50
103,110
182,188
97,103
67,72
13,19
130,137
189,196
219,223
3,8
60,66
23,31
35,42
116,130
0,6
14,23
0,6
28,30
7,9
29,31
2,5
38,40
114,122
51,58
13,18
5,7
32,36
6,8
123,130
20,22
211,214
6,8
140,142
20,27
12,14
0,4
18,20
11,18
7,9
124,137
109,113
44,46
131,137
7,9
2,4
47,53
20,22
159,170
41,52
149,159
0,11
110,117
33,35
27,30
61,63
99,102
129,140
36,43
89,96
44,49
8,10
243,249
9,15
22,24
186,188
166,176
191,196
77,79
0,11
6,12
80,89
12,15
29,31
13,20
144,148
88,90
232,239
96,98
121,127
26,29
0,12
87,93
353,357
8,14
27,29
0,2
13,24
6,8
7,9
51,54
136,143
138,145
84,90
43,50
18,23
64,66
86,91
111,117
17,19
36,42
56,58
49,62
7,9
38,40
42,46
265,273
68,75
2,5
23,30
9,14
13,15
8,10
34,39
26,32
14,19
135,139
7,9
53,60
209,211
0,4
26,33
23,30
61,66
0,12
53,59
19,22
7,9
9,15
41,50
9,11
341,349
243,252
20,22
351,357
54,56
21,28
104,119
59,65
9,14
17,19
27,29
36,42
37,43
39,44
19,21
169,189
14,20
71,76
33,38
9,11
5,7
24,26
32,38
110,112
71,78
66,77
149,154
294,301
0,12
6,8
15,21
2,7
95,110
243,249
25,28
10,12
186,187
157,168
41,48
31,38
14,18
155,162
151,157
117,124
138,143
13,19
2,4
8,10
11,14
108,114
31,33
59,61
71,78
13,15
22,26
45,49
181,188
0,2
65,72
58,60
55,65
36,44
41,43
63,65
299,310
72,78
37,39
71,77
8,10
45,47
51,62
28,33
6,21
52,58
162,167
63,68
70,73
7,9
92,98
16,21
15,17
104,111
0,7
52,59
271,274
7,9
41,47
63,70
309,317
31,33
160,165
6,12
42,48
459,462
88,92
8,10
59,61
2,8
18,22
8,15
53,55
43,48
97,99
204,217
11,16
0,3
7,10
9,11
135,142
154,165
63,65
29,31
51,63
128,135
394,409
35,37
8,10
0,5
42,46
0,3
39,41
105,111
37,44
127,139
264,274
69,71
67,69
6,8
7,14
40,42
74,79
80,82
195,202
40,42
59,66
13,19
59,73
0,3
57,59
44,51
17,19
80,91
353,355
10,12
24,26
75,86
69,71
108,114
2,9
60,69
196,199
33,38
32,38
38,40
4,9
12,14
147,154
0,5
5,12
3,5
2,5
94,102
152,163
184,191
5,12
97,105
175,177
7,9
25,27
254,260
139,143
46,57
2,8
8,10
62,64
20,25
6,8
33,38
6,10
52,59
97,99
58,63
45,50
176,178
74,80
12,14
83,85
86,98
6,8
8,10
68,75
12,14
131,137
81,84
12,14
26,28
125,132
124,128
202,204
8,11
139,147
80,90
121,128
82,90
110,112
245,251
21,26
6,8
129,131
6,8
105,116
61,72
21,27
34,36
0,6
34,36
45,47
70,82
12,14
34,37
84,86
66,68
69,77
7,9
5,11
11,13
19,30
7,12
16,21
91,95
83,88
71,73
6,11
38,40
118,120
32,39
2,4
76,80
0,6
20,22
286,293
2,5
136,143
52,54
31,33
15,20
291,298
7,10
26,28
22,29
227,234
57,59
76,82
8,10
24,32
173,176
8,13
10,12
102,109
47,49
237,243
341,349
0,6
40,47
4,6
40,42
111,119
143,149
63,73
7,11
166,172
28,30
8,10
232,239
96,102
154,161
303,308
344,346
25,27
17,20
18,34
23,25
158,162
3,5
8,10
15,17
54,56
20,25
72,78
45,50
8,10
3,5
7,13
7,9
26,31
53,55
24,28
7,12
32,40
11,18
96,101
37,39
21,23
3,5
59,61
6,8
7,13
38,44
6,8
15,17
15,17
23,25
33,35
47,55
160,167
278,287
6,15
7,9
41,43
27,29
207,214
0,6
5,7
59,70
79,81
33,38
41,43
100,105
0,2
6,8
89,96
95,102
8,10
60,68
2,8
67,74
32,38
26,28
79,85
33,41
9,17
81,83
22,27
5,7
19,25
286,291
5,10
8,17
297,307
209,216
0,3
116,130
103,109
45,52
73,77
39,45
0,10
26,29
2,4
122,129
13,20
136,151
14,16
0,3
31,33
2,7
87,94
15,21
125,131
101,105
26,31
256,260
11,17
132,140
143,145
19,24
13,16
35,42
12,27
14,20
34,41
87,89
70,72
10,17
49,56
0,2
8,10
33,38
26,30
79,84
118,126
35,40
2,7
82,89
77,87
17,19
186,187
42,44
65,72
13,15
22,29
29,31
31,38
2,9
10,18
18,20
28,38
8,10
80,87
14,18
70,72
133,141
12,16
27,34
286,291
94,101
180,187
59,65
29,31
15,26
43,45
79,81
320,327
6,8
73,77
5,7
134,141
3,9
37,39
34,36
0,3
8,10
152,159
34,36
131,133
56,58
57,68
73,78
98,105
61,67
13,15
333,335
13,15
8,10
0,6
4,6
118,124
12,14
342,357
52,59
210,216
11,13
0,5
75,77
163,168
0,3
2,4
0,6
19,24
195,197
24,26
19,26
206,213
7,9
70,77
48,54
10,14
6,8
195,197
104,111
57,61
31,37
325,335
41,43
11,13
2,4
7,13
22,26
44,49
198,203
203,210
79,84
219,230
103,109
64,75
63,65
57,59
136,147
16,18
8,15
9,15
23,28
3,5
79,81
17,24
147,154
5,22
6,8
109,121
9,14
8,10
12,14
0,3
7,12
41,43
0,6
8,10
95,102
114,121
188,195
38,40
31,33
46,48
28,30
257,259
45,47
35,38
0,6
7,9
106,114
164,168
28,31
34,36
54,61
8,10
130,136
136,142
27,29
76,82
53,55
52,59
224,231
54,56
67,72
15,16
181,187
11,13
12,14
45,51
30,37
2,4
32,34
64,70
99,111
27,30
5,11
12,19
0,3
6,8
247,254
0,3
33,40
278,285
298,310
90,94
28,32
0,2
50,55
7,14
84,89
7,9
12,19
75,89
0,11
87,94
117,121
51,58
112,118
77,84
6,8
30,32
113,125
73,75
8,14
163,169
8,10
61,69
150,157
150,164
22,27
92,98
62,69
52,54
279,286
41,43
10,12
113,115
7,10
92,98
72,74
10,15
57,64
47,54
25,30
4,9
63,70
6,8
38,40
105,107
6,8
12,19
181,186
71,78
189,195
68,74
17,24
82,84
89,96
8,10
214,222
9,11
6,8
36,41
126,128
6,8
22,27
28,30
26,34
68,74
44,46
12,14
40,42
41,43
77,79
64,70
70,72
7,9
136,143
118,121
77,84
5,7
138,142
164,171
34,36
46,56
25,27
113,117
263,269
30,37
67,72
4,9
115,117
171,178
318,327
15,17
77,93
19,21
37,39
44,47
414,420
10,12
6,8
124,135
59,66
77,79
76,84
32,34
119,127
24,30
51,58
29,35
64,71
106,113
214,222
20,31
25,27
80,91
0,6
0,3
87,94
26,31
106,117
95,101
141,143
52,58
187,193
148,154
9,19
22,29
307,309
6,13
50,52
26,32
77,85
44,47
22,24
6,8
0,7
68,72
45,52
10,12
98,103
29,33
231,238
7,18
8,10
16,18
40,51
11,13
4,6
54,60
8,10
24,26
55,61
2,5
158,162
8,11
7,9
138,145
219,225
15,17
286,291
139,141
72,74
31,34
127,129
185,192
63,70
66,68
101,106
73,81
109,116
24,31
69,77
2,6
10,12
73,77
7,13
184,190
13,15
60,67
129,135
12,19
91,102
6,8
73,81
85,87
53,55
106,114
43,45
25,37
6,8
106,114
53,55
69,77
33,36
12,14
9,15
41,43
140,147
107,109
150,160
26,28
89,96
87,91
7,9
180,186
17,27
12,17
106,114
37,39
0,3
37,43
68,70
8,10
146,158
36,45
204,214
46,53
14,16
159,166
175,184
0,4
15,17
13,15
3,5
2,9
206,213
159,164
8,10
10,12
5,17
12,14
97,101
0,2
33,35
104,109
7,9
19,24
69,71
54,60
10,12
28,33
51,57
2,4
76,85
13,19
0,3
101,105
96,103
79,87
34,36
50,56
52,59
65,72
7,10
95,101
19,27
22,28
12,14
13,20
76,79
66,73
173,180
69,71
26,28
294,301
183,194
42,44
32,36
0,11
30,32
353,357
93,103
17,22
191,197
0,12
37,42
171,182
154,160
156,163
361,363
57,61
37,39
345,353
36,42
20,22
24,26
261,269
15,17
30,37
114,120
12,21
32,36
38,40
133,140
107,111
0,4
29,35
224,231
124,130
39,44
171,177
101,103
8,10
15,22
76,83
16,23
48,55
13,21
100,105
7,11
28,33
52,59
33,39
249,256
0,3
294,301
252,256
76,78
22,29
38,48
12,17
12,19
103,105
7,9
118,120
138,143
56,61
92,96
47,54
12,14
154,156
87,95
6,8
62,68
105,110
59,62
83,85
36,47
23,25
67,74
52,58
13,15
0,7
10,12
76,81
34,39
12,18
65,70
120,123
102,104
7,9
49,55
65,72
61,68
38,49
23,29
41,43
297,307
205,207
0,5
196,199
0,13
255,260
63,70
67,73
6,8
171,178
6,8
5,7
12,19
72,79
37,39
28,34
18,20
21,26
58,65
33,37
36,43
76,85
94,99
24,29
151,163
64,75
10,17
151,158
54,58
32,34
53,59
18,20
7,12
231,238
2,7
6,9
146,158
29,36
155,162
87,94
5,16
28,30
34,36
34,41
28,35
34,43
192,204
19,26
130,135
9,13
26,28
164,171
100,102
81,88
4,10
164,171
42,49
105,116
79,81
8,10
227,230
14,16
71,74
45,47
0,6
147,149
10,21
19,26
40,47
38,43
46,49
12,14
8,10
126,132
91,102
6,8
150,157
10,12
186,188
81,86
144,151
47,51
14,19
7,9
6,8
315,326
94,102
147,149
64,71
38,44
62,64
13,17
92,98
31,37
53,58
6,8
224,231
59,69
25,27
67,69
0,11
32,37
80,87
0,2
91,96
62,64
64,72
103,109
13,21
154,165
253,255
44,51
65,69
6,8
12,14
59,64
8,10
55,57
0,3
13,18
0,3
2,4
42,47
19,21
7,13
320,327
21,23
18,20
43,49
6,13
7,11
82,89
15,17
77,83
17,19
210,216
51,53
10,15
372,376
138,144
8,12
95,102
4,9
10,12
104,112
7,13
26,28
5,7
33,37
0,3
0,6
61,67
8,10
59,61
25,27
90,92
99,102
89,91
350,361
22,27
55,61
93,101
28,30
64,67
18,20
119,127
0,4
6,8
7,14
95,102
8,10
97,105
0,5
38,41
48,51
71,77
6,8
56,63
102,108
13,15
97,99
27,29
64,74
286,293
7,11
31,36
195,197
46,48
7,13
83,93
199,204
13,18
6,12
67,69
74,76
13,19
195,201
185,187
43,45
7,12
106,112
75,77
42,44
57,59
218,220
56,66
26,28
2,4
34,36
28,30
155,157
14,20
90,97
77,93
127,134
32,39
20,24
176,182
61,63
26,28
28,35
119,125
76,85
52,54
119,126
6,8
8,19
34,36
173,176
4,16
45,47
123,130
47,54
49,54
87,94
109,112
5,7
15,17
20,22
340,355
75,86
17,25
8,14
141,145
2,4
24,26
8,10
38,42
59,61
278,287
17,28
26,31
351,357
230,234
8,10
117,121
39,41
16,21
90,98
107,118
77,84
67,70
48,50
232,241
2,4
22,24
44,52
44,51
28,33
21,23
95,100
89,99
13,15
96,102
126,137
16,24
6,21
0,6
10,12
7,9
43,49
3,5
232,239
0,8
36,43
203,210
10,13
29,31
60,67
4,19
30,32
84,90
43,49
276,282
74,81
15,17
12,14
0,2
3,5
8,10
8,10
8,10
8,10
34,36
6,12
8,10
27,35
35,45
7,12
139,150
48,58
41,43
110,116
195,201
194,207
60,65
34,36
44,46
18,20
0,6
28,30
15,17
0,8
17,19
13,15
168,172
152,157
189,191
19,21
7,19
53,57
75,81
77,84
110,112
7,9
7,9
28,32
8,10
6,8
174,176
33,38
61,66
8,15
182,185
36,38
107,109
6,8
8,10
117,123
2,4
7,9
0,6
109,111
12,14
16,18
172,174
14,16
99,106
48,55
102,108
16,21
14,22
7,11
152,159
2,4
6,8
2,4
149,157
166,168
50,59
32,34
65,67
35,42
77,81
30,32
45,52
57,68
25,33
38,49
7,22
40,47
197,208
202,206
0,2
22,28
119,125
24,26
28,32
6,11
7,9
38,40
37,39
15,17
291,298
9,15
14,16
12,19
2,5
98,105
107,113
53,60
48,55
35,42
38,40
22,24
351,357
14,16
10,12
6,8
2,10
92,97
78,85
57,59
8,10
110,120
0,6
46,51
31,38
38,40
6,8
37,39
48,55
51,58
61,63
0,5
134,139
77,88
0,11
80,88
103,110
56,61
12,14
176,178
20,26
26,33
10,12
11,21
44,60
54,56
0,5
7,14
118,123
54,56
8,10
107,112
13,15
0,12
86,88
0,6
59,62
33,39
23,29
11,14
35,42
2,4
34,49
152,158
11,16
236,251
57,68
79,85
171,175
21,23
6,11
0,8
7,14
15,17
8,10
247,254
8,10
6,8
2,4
221,228
12,14
225,232
38,49
209,212
75,86
138,148
7,9
6,8
2,5
6,8
6,8
27,31
142,147
51,59
44,51
118,125
35,47
11,16
21,26
149,159
7,9
7,12
106,113
7,13
111,117
10,12
16,18
5,7
99,111
41,46
6,8
34,35
146,151
53,59
78,81
24,27
119,130
130,138
6,8
18,23
5,7
184,194
39,41
136,139
24,26
132,137
104,111
212,219
146,153
231,237
411,417
30,32
62,64
298,304
19,22
39,46
240,251
15,17
150,156
0,6
56,63
28,30
0,11
32,37
48,54
284,289
7,9
136,143
2,4
98,105
54,56
116,127
92,99
20,22
87,89
25,29
136,143
17,22
34,39
76,80
29,31
32,37
11,16
44,49
59,61
59,61
106,112
82,84
92,98
47,53
10,21
5,9
252,258
2,11
104,111
20,22
13,15
118,123
196,198
34,36
132,138
52,54
35,46
85,92
2,5
6,8
423,430
32,38
6,8
31,37
13,24
78,83
38,43
2,7
14,16
112,119
3,5
33,38
149,159
6,9
7,12
67,74
161,168
49,56
7,14
48,50
296,298
7,13
0,7
285,296
42,44
26,28
17,19
245,251
38,40
21,24
200,203
23,25
17,19
28,30
16,18
14,16
77,82
45,56
75,77
83,85
76,78
8,15
214,222
4,10
0,3
24,26
87,89
0,5
11,16
30,35
68,75
58,65
119,125
16,21
41,43
465,473
29,34
54,60
6,8
12,14
10,12
63,78
50,57
57,59
197,199
16,18
6,20
16,18
6,8
0,2
20,32
2,9
4,10
28,33
5,10
43,45
2,10
8,10
24,26
6,8
10,12
59,65
15,28
0,8
71,73
130,136
8,10
89,96
61,66
16,18
0,6
75,79
11,13
92,96
322,326
8,10
60,66
147,150
34,40
17,24
7,10
8,14
61,63
41,45
74,81
8,15
2,4
55,62
53,59
227,229
19,21
7,14
20,22
126,132
29,31
25,36
57,62
60,67
7,10
6,17
81,83
9,12
80,84
4,6
39,41
13,15
8,15
0,6
37,39
174,176
190,192
50,54
12,14
2,8
71,78
56,58
8,10
8,10
232,239
204,213
6,8
171,182
39,46
6,8
89,96
2,5
44,60
16,18
6,12
38,43
33,35
42,44
68,75
67,74
37,39
21,29
13,15
77,87
13,15
10,12
15,19
70,77
87,94
68,70
66,68
107,113
21,27
12,19
0,6
172,174
7,9
38,49
12,14
14,16
29,35
5,7
3,8
8,14
2,4
38,40
40,42
272,274
56,61
15,22
119,127
6,8
105,116
54,61
11,15
0,6
183,188
154,159
207,212
30,37
56,61
68,74
69,75
67,73
0,3
318,326
5,8
152,158
89,95
2,9
3,5
196,200
22,24
100,105
31,33
8,10
27,32
109,115
120,130
162,168
54,60
21,26
50,56
175,183
10,15
9,15
12,18
34,36
297,307
18,20
24,26
98,104
0,2
66,73
95,97
116,118
205,207
50,52
171,178
6,8
29,35
38,45
8,10
10,12
60,64
26,28
225,232
171,176
72,77
225,232
11,15
20,28
93,95
127,132
6,8
7,9
0,6
6,8
8,10
2,17
69,76
106,108
6,8
68,73
134,140
10,26
21,23
27,30
85,87
233,241
71,77
7,22
44,46
10,12
162,164
6,8
77,82
39,44
6,8
186,188
144,150
30,37
85,92
161,167
36,43
87,93
125,131
23,29
124,131
103,111
168,175
49,55
41,47
8,10
224,231
172,178
6,8
2,4
22,33
15,17
64,69
103,113
91,98
78,81
0,6
0,14
10,12
339,344
0,3
12,18
156,160
155,161
0,7
129,134
5,10
174,176
74,76
50,52
33,35
26,31
12,15
22,28
34,38
34,36
13,21
6,8
52,59
151,157
142,146
17,19
152,158
20,22
6,8
0,2
4,10
10,12
22,24
78,85
6,12
0,2
59,61
133,138
130,138
36,38
82,84
118,126
11,13
7,9
77,93
66,68
127,134
29,35
62,66
183,198
49,51
11,17
17,19
36,41
194,196
2,7
134,136
331,338
5,7
6,8
81,83
221,227
35,47
145,152
12,15
133,141
13,19
48,55
17,20
8,12
122,129
55,58
44,49
16,21
96,101
56,58
40,47
77,79
151,157
10,17
23,29
8,16
215,221
38,43
136,140
73,80
33,35
127,138
15,17
125,132
2,8
16,18
92,97
200,205
6,8
172,174
13,19
11,17
113,117
248,250
227,233
26,29
65,76
62,69
95,100
9,11
7,9
199,206
119,121
56,58
96,102
66,71
7,10
60,62
172,175
77,87
154,156
141,151
71,78
127,139
79,82
106,114
67,72
35,37
55,61
137,140
144,150
15,17
25,27
2,8
44,50
28,35
289,296
12,14
79,85
101,108
8,10
59,70
20,31
153,160
130,138
50,56
6,8
176,178
48,55
32,39
333,335
77,79
13,18
11,13
58,65
66,68
98,104
87,89
16,18
61,63
218,233
50,53
80,87
289,294
16,23
33,35
100,107
117,126
24,26
79,90
0,3
107,112
2,4
10,12
40,42
30,32
99,101
2,4
0,5
59,65
11,16
33,40
75,77
10,12
3,10
37,45
57,59
2,4
23,30
31,37
0,14
6,8
189,200
17,22
11,16
56,58
79,85
227,234
7,9
77,81
24,29
6,12
18,20
6,8
34,36
43,45
23,25
166,172
6,8
9,12
23,29
7,9
23,25
60,68
10,15
6,8
43,45
41,47
10,12
0,2
72,74
7,9
59,61
7,9
19,24
13,20
37,42
98,106
31,33
81,87
36,43
53,56
4,10
58,65
113,115
0,7
10,12
7,14
62,64
13,18
38,53
137,142
8,10
8,16
279,287
2,7
0,6
136,139
124,126
14,24
173,183
167,175
31,37
65,71
23,28
191,197
0,12
128,134
232,239
194,200
37,39
7,11
41,43
135,142
33,35
33,39
6,8
11,13
40,46
156,163
243,249
0,5
6,8
44,50
81,87
0,3
80,90
139,145
119,127
103,108
9,11
19,24
38,43
14,16
33,35
31,33
144,150
0,3
21,23
4,19
51,57
20,25
35,37
168,175
147,149
124,135
7,9
69,77
41,43
5,7
79,81
32,38
83,88
39,45
31,33
79,86
6,8
10,15
98,103
0,6
15,20
6,8
7,14
7,9
7,10
255,265
63,66
19,25
39,41
24,26
6,13
127,129
91,97
50,56
27,29
49,55
39,46
27,29
2,5
6,8
43,45
169,175
8,10
5,7
152,163
46,52
20,22
229,236
31,38
18,20
34,39
326,328
101,108
40,44
7,9
130,132
79,81
8,10
7,12
58,64
77,83
48,51
0,11
2,7
84,90
7,10
83,85
20,22
2,4
40,42
50,59
0,11
68,75
104,112
25,33
198,205
12,18
5,8
0,5
278,287
0,7
176,191
43,45
47,52
10,12
294,301
2,4
27,32
15,17
8,10
39,54
151,163
54,59
59,67
114,122
30,32
18,20
45,47
13,20
5,11
46,53
114,119
24,30
80,90
168,173
58,65
28,35
5,10
5,12
0,3
0,6
35,37
35,41
27,34
35,42
111,113
13,15
8,10
64,70
23,25
17,19
64,66
165,169
21,23
70,72
97,103
68,70
16,18
12,14
8,10
44,46
72,74
12,14
93,94
109,115
31,37
38,40
227,235
86,93
230,238
26,32
8,10
130,132
272,276
24,26
133,141
6,11
23,25
29,31
2,5
47,55
7,9
49,55
70,76
47,49
7,14
40,46
5,7
55,62
17,22
39,41
177,183
90,96
6,8
90,96
271,276
2,5
103,106
38,43
47,54
60,62
66,73
172,174
152,163
21,23
8,15
96,100
20,27
65,72
119,123
64,66
28,34
104,107
125,131
291,298
5,11
9,12
5,7
7,9
27,29
17,19
49,55
2,7
6,8
0,3
110,112
21,23
29,31
17,22
161,168
28,33
82,84
93,100
386,392
119,129
109,115
45,47
136,143
67,72
63,68
57,64
66,68
78,81
195,210
90,96
77,84
16,21
19,25
45,52
12,19
0,5
111,113
28,34
155,157
98,104
23,25
59,61
18,20
8,10
74,76
72,78
126,131
172,174
8,10
13,15
63,65
0,5
8,10
74,76
32,34
190,199
60,67
233,240
2,14
243,249
288,294
10,14
69,71
2,4
34,37
27,35
125,131
115,120
175,184
35,38
7,9
25,31
206,212
37,44
104,111
2,4
19,21
7,12
0,6
6,12
103,111
16,26
104,111
122,129
54,61
19,24
234,241
0,7
39,44
175,184
12,16
7,10
38,44
14,19
21,26
35,37
93,100
78,85
27,35
31,35
60,67
202,204
132,139
6,17
44,50
66,68
269,279
133,141
96,98
0,4
44,46
46,51
47,49
89,95
10,12
7,11
43,45
0,11
56,58
116,130
2,5
10,12
12,27
67,73
34,36
12,14
134,138
8,10
123,130
50,52
14,16
26,32
6,12
8,14
0,3
29,33
7,9
59,70
42,48
45,47
303,308
88,91
117,125
53,55
116,123
236,243
459,462
55,58
27,32
31,38
2,6
97,99
209,220
257,263
15,17
118,120
25,36
13,20
118,126
60,62
27,34
4,6
125,131
46,60
37,43
22,27
2,5
22,28
93,98
55,58
27,32
52,58
26,31
8,14
6,8
40,42
91,93
2,8
51,59
126,131
89,93
0,3
96,102
6,8
11,18
6,8
203,205
0,2
20,22
0,4
148,150
47,49
71,77
60,68
80,90
56,58
86,88
24,26
125,130
148,150
96,103
0,5
50,55
65,72
51,53
81,87
115,129
38,45
171,176
33,41
4,9
9,21
9,15
140,145
12,14
151,163
14,19
8,10
59,70
8,13
17,19
57,59
20,28
305,320
31,33
201,212
208,215
209,220
46,53
8,10
32,34
94,100
78,85
0,5
82,88
32,38
14,16
71,77
13,15
31,33
72,86
13,20
130,136
124,130
60,62
14,16
30,41
0,3
193,198
55,58
42,47
60,67
2,4
35,42
109,116
39,44
17,19
10,12
89,94
41,43
160,165
55,57
137,144
10,12
0,2
23,25
91,95
118,125
9,14
77,88
280,286
8,10
56,58
89,91
53,55
89,96
114,117
16,18
99,111
0,5
39,41
83,85
53,59
8,10
22,28
190,201
63,65
76,78
17,19
4,6
345,353
28,30
33,38
152,155
14,20
67,72
7,13
0,6
8,14
62,64
51,53
21,26
247,254
84,86
37,44
147,149
40,42
42,49
75,77
104,110
72,74
76,82
87,98
32,38
134,136
18,20
52,55
0,7
56,63
44,46
196,199
116,118
106,108
18,20
21,27
30,32
89,96
24,26
8,10
44,50
64,66
52,59
459,462
2,9
20,22
6,8
46,52
6,12
18,23
11,15
37,41
271,274
152,154
54,61
6,8
4,9
51,53
42,44
0,6
8,10
125,132
11,13
20,27
53,55
29,31
50,55
206,213
296,303
123,130
9,15
17,23
40,52
0,6
146,152
7,9
42,44
212,218
33,48
2,9
19,21
193,196
39,46
49,56
60,63
459,462
198,208
16,18
83,85
20,27
8,19
5,11
8,12
27,32
113,115
48,59
15,22
28,30
138,143
12,14
103,110
0,4
13,15
291,298
11,15
55,62
125,132
22,27
196,202
8,10
35,43
7,9
89,96
59,69
31,33
62,64
101,103
10,12
43,45
63,74
7,9
3,5
14,16
14,29
9,12
41,52
45,52
243,249
48,54
54,56
53,57
32,39
47,54
24,26
25,27
6,8
81,88
131,135
9,11
96,102
215,221
38,40
123,130
25,30
93,95
127,129
61,64
26,28
64,66
144,155
8,10
61,63
91,95
7,12
286,291
179,185
23,25
93,94
73,85
36,43
93,100
17,19
9,16
95,97
67,77
6,8
44,51
18,23
12,14
86,88
6,8
8,12
138,145
301,305
2,8
158,162
25,32
86,93
56,58
2,4
30,36
75,77
33,35
8,15
4,9
50,52
29,31
8,16
387,393
113,120
19,27
6,13
6,8
209,220
23,29
34,36
28,32
95,102
102,110
50,52
106,113
12,14
38,40
6,12
30,32
297,307
212,218
0,3
186,188
57,63
6,8
82,94
55,64
70,72
211,222
20,26
23,25
394,409
0,6
8,10
42,44
19,25
9,11
56,58
64,76
25,30
5,11
59,61
14,16
22,29
53,59
20,22
13,19
49,55
39,41
104,119
160,170
12,21
341,349
7,9
7,11
30,37
52,55
52,54
41,48
33,54
6,8
81,83
31,33
45,51
6,8
47,58
2,5
99,102
71,82
10,12
6,8
8,11
8,14
34,36
18,24
10,12
42,47
22,27
83,89
62,68
103,109
140,146
48,51
135,141
17,24
81,83
90,98
53,57
62,64
259,270
6,8
111,113
41,48
8,10
98,105
33,35
32,34
79,81
0,7
30,32
0,6
15,27
8,10
63,69
308,315
6,8
37,51
198,202
249,256
8,10
6,11
65,67
40,42
17,19
32,39
109,113
317,324
7,9
22,28
103,110
2,7
92,96
5,7
9,11
30,37
57,62
14,16
38,40
0,2
8,10
63,70
29,31
10,12
21,23
7,13
8,10
63,68
68,70
21,23
8,14
14,16
17,19
0,5
20,26
14,22
2,7
28,30
144,151
60,65
86,89
18,20
198,205
45,51
81,86
107,109
222,228
158,164
64,70
298,310
13,15
12,19
61,64
31,36
13,15
138,143
6,8
172,174
108,112
8,10
7,12
16,22
36,40
60,67
15,20
9,11
87,94
119,125
49,55
15,17
49,51
8,10
8,16
95,97
23,25
0,6
3,5
39,45
85,92
264,275
21,26
67,69
10,16
113,120
80,89
11,16
16,23
19,27
99,105
0,3
195,202
20,26
10,12
37,43
9,11
24,29
154,156
46,50
20,27
13,15
41,43
15,20
7,9
192,198
102,113
21,25
31,46
36,38
133,141
31,33
0,5
64,69
41,43
5,7
68,74
43,45
126,128
81,83
6,11
10,12
9,15
13,19
6,8
19,27
85,91
93,100
23,25
52,59
8,10
6,8
283,289
12,14
68,74
83,85
47,54
4,10
38,44
11,14
6,8
33,35
10,12
68,74
28,33
97,105
6,8
10,12
6,8
68,71
115,117
16,18
96,102
24,31
14,21
31,37
101,112
20,27
55,61
18,22
51,55
125,137
19,22
99,101
152,155
133,135
0,2
189,191
237,243
156,163
108,114
4,11
7,14
6,8
25,29
8,10
15,17
38,41
0,3
15,17
10,16
142,144
53,60
232,239
33,35
69,77
155,165
44,50
5,7
129,136
104,106
76,85
71,74
80,85
96,101
48,52
29,31
107,111
0,2
123,129
55,57
144,149
8,10
9,14
42,44
11,13
59,65
31,37
12,17
11,14
33,37
230,236
15,21
117,124
66,68
43,45
59,62
34,40
12,14
221,225
6,8
176,182
27,32
100,102
98,104
22,24
64,71
4,10
7,13
27,33
36,41
308,323
85,93
11,17
29,31
12,14
40,42
40,44
11,13
113,115
13,15
8,10
7,9
66,72
7,19
20,22
21,23
53,59
60,62
24,30
6,8
26,32
198,202
13,15
171,177
9,11
108,114
112,118
32,37
8,10
51,63
40,46
25,27
91,93
11,13
20,22
138,145
1,7
87,98
67,74
148,155
39,43
0,5
54,56
6,12
98,105
152,157
10,12
224,231
21,41
25,32
21,23
22,24
28,30
63,68
7,9
10,12
7,9
7,11
8,10
104,111
68,70
11,13
44,46
4,9
70,72
120,123
101,106
22,24
47,51
228,232
28,35
83,85
0,6
198,205
19,21
119,126
33,39
6,8
88,90
4,6
48,54
159,174
77,79
64,69
71,73
38,43
64,66
44,47
24,27
63,68
19,34
12,19
58,64
213,221
10,15
110,116
2,8
34,40
89,95
6,8
11,17
32,38
25,27
57,59
221,223
0,4
16,22
134,140
69,76
8,10
53,56
41,47
2,4
6,8
7,9
22,29
3,5
0,5
11,13
65,69
6,10
10,12
53,60
42,46
90,97
79,87
9,14
36,38
65,72
31,38
68,73
50,56
119,121
5,10
0,3
66,68
118,122
82,85
0,2
6,8
31,38
170,172
161,172
12,19
8,15
8,10
28,30
132,143
141,146
2,5
2,5
23,25
58,64
111,122
115,121
166,172
34,44
10,12
147,149
0,6
6,9
34,35
44,53
45,52
38,49
22,24
162,164
96,101
17,23
82,90
7,13
95,102
25,30
71,77
0,7
17,24
34,36
50,61
104,106
56,58
283,290
18,20
71,73
166,168
66,74
6,8
78,85
135,142
95,97
0,11
169,175
45,47
2,4
10,16
98,106
24,26
69,78
199,206
132,138
8,10
255,265
35,37
8,10
6,21
53,60
50,55
67,70
0,13
253,260
42,44
54,60
103,109
34,36
118,124
145,150
77,82
70,85
6,8
58,65
220,222
30,37
89,97
0,2
8,10
10,12
20,26
44,46
44,46
47,49
8,15
12,19
0,6
8,14
5,7
89,95
95,99
49,51
14,20
7,10
118,121
52,54
15,17
210,216
202,213
18,20
22,24
45,47
8,10
17,19
112,114
31,36
53,57
6,8
44,46
31,38
116,129
19,21
17,19
198,204
126,130
27,29
136,142
126,132
8,15
179,186
25,27
141,145
28,30
22,24
130,136
9,15
6,8
459,462
192,200
60,67
15,21
38,43
34,36
255,265
48,50
196,201
76,80
6,11
0,3
59,65
206,212
36,41
98,104
8,21
47,53
0,6
151,166
10,12
125,137
12,19
161,167
136,143
100,104
51,55
83,85
92,98
123,128
75,77
34,36
13,19
47,49
50,56
33,35
71,73
217,224
5,10
7,13
2,6
7,9
6,8
5,11
8,10
125,137
276,284
17,24
88,91
40,46
174,185
12,19
36,38
7,12
95,102
102,109
22,25
33,38
95,103
7,12
6,12
25,28
10,12
78,85
13,15
23,28
186,187
202,213
13,15
28,30
104,110
267,272
38,40
0,6
18,20
28,30
115,126
12,14
32,34
138,140
28,30
109,115
180,186
5,7
207,212
46,52
7,9
44,46
-1,5
6,13
98,105
57,61
6,9
57,64
67,69
77,84
76,85
20,22
6,8
77,84
6,9
66,73
93,100
42,44
6,8
52,54
181,194
8,10
6,8
48,52
8,10
37,39
7,12
4,6
112,118
2,5
74,81
123,130
0,12
0,5
2,4
19,26
241,247
17,23
101,104
45,52
0,8
4,10
5,7
8,10
291,302
44,46
200,203
125,128
10,12
12,14
0,2
14,20
195,202
77,85
127,129
75,77
16,18
61,68
71,73
54,56
8,10
90,97
13,16
89,91
118,120
116,122
16,23
20,22
252,258
7,9
17,24
61,63
72,74
18,24
80,83
8,10
231,238
0,5
34,36
186,187
6,8
16,21
6,8
165,169
5,7
175,184
12,14
17,19
7,14
0,4
0,12
7,12
21,28
51,53
78,85
72,74
8,10
37,39
42,48
71,73
82,85
117,124
21,23
135,142
0,2
8,10
17,19
340,347
6,8
117,119
48,51
8,10
19,27
2,4
13,15
15,22
74,76
6,8
32,34
142,148
49,56
100,106
109,115
156,163
19,24
2,4
28,33
89,97
78,84
6,8
0,3
3,5
37,45
173,176
7,13
73,75
19,24
159,166
109,114
7,9
88,94
52,58
31,38
6,10
5,7
90,96
159,167
8,14
23,29
104,115
93,98
109,116
278,293
6,8
53,64
118,125
7,15
28,30
144,159
162,164
103,111
128,139
21,23
82,84
116,118
90,92
184,190
35,37
8,10
62,64
15,17
28,34
122,129
17,19
47,49
16,18
39,46
0,3
38,49
128,134
65,67
96,101
77,82
140,147
63,68
29,33
177,192
23,29
2,7
19,21
7,14
251,253
66,73
0,6
0,11
12,19
93,95
137,143
24,31
31,33
26,32
6,8
7,14
94,96
106,112
8,15
7,9
39,46
93,95
171,173
10,12
130,136
41,43
12,17
75,86
30,36
18,20
80,87
30,35
15,21
180,186
104,109
247,252
22,24
51,53
8,16
0,5
135,142
8,10
266,276
79,90
32,34
200,203
84,86
5,14
38,53
0,6
6,8
90,98
65,71
11,13
129,136
7,12
8,10
5,7
28,39
16,21
20,22
7,13
25,27
18,23
38,45
25,29
49,55
115,118
123,130
59,61
159,164
28,30
83,85
186,193
148,150
84,90
18,26
41,48
123,130
109,116
0,3
211,222
130,133
258,265
100,105
129,135
89,96
32,34
9,16
91,93
7,9
51,53
27,29
118,120
35,42
6,8
8,11
5,7
9,11
60,67
2,4
7,14
6,12
40,44
133,135
26,31
94,101
8,10
121,126
0,6
72,79
77,89
80,82
10,12
50,56
0,6
71,78
76,80
6,20
202,209
213,220
63,65
20,22
83,85
22,24
8,10
22,24
390,409
240,247
59,61
38,40
0,3
76,80
64,69
28,30
195,197
11,19
14,19
59,61
38,40
33,38
34,36
9,14
64,69
150,156
2,4
59,61
77,89
35,42
0,5
120,122
87,89
15,17
85,87
13,15
22,27
154,156
151,154
15,17
23,25
101,111
6,8
28,35
66,68
13,15
6,10
0,2
59,64
73,79
23,25
6,8
2,5
392,399
0,3
21,23
47,54
24,26
266,276
0,6
70,77
197,208
61,67
7,19
20,22
175,183
130,135
71,73
100,106
145,149
46,53
9,12
43,45
176,182
53,59
73,79
187,193
172,178
2,5
159,165
331,339
43,48
85,87
98,102
13,15
3,5
36,41
7,14
62,64
49,51
121,128
118,121
10,16
12,15
22,24
17,22
110,117
4,10
24,26
26,32
48,51
20,25
5,7
211,216
121,123
153,162
180,187
8,11
90,97
45,47
17,19
12,15
19,25
52,57
247,254
120,123
72,74
12,15
57,59
326,330
69,74
44,46
0,4
6,8
11,13
38,40
41,44
176,178
123,128
20,23
135,139
38,43
75,82
0,6
0,6
41,48
117,119
10,24
14,16
77,89
0,6
11,26
28,33
5,8
14,16
10,17
31,37
0,12
111,117
0,2
22,24
69,77
7,9
166,171
135,142
76,83
7,9
245,251
347,358
89,97
80,89
27,29
7,9
9,15
237,243
7,13
50,52
276,283
6,8
42,44
152,157
124,131
56,58
9,18
43,48
147,154
67,74
12,14
186,188
118,128
60,67
15,21
0,2
83,85
0,2
14,21
36,38
112,118
2,4
42,47
87,94
102,104
37,44
13,20
25,27
6,8
60,67
123,134
8,10
113,115
0,4
5,14
8,15
6,8
33,35
64,69
411,415
10,12
98,105
84,91
8,10
30,38
53,55
27,29
17,22
15,17
19,21
15,21
371,377
10,12
22,29
148,150
51,55
149,159
157,164
18,24
53,60
23,25
12,14
2,4
136,142
159,166
116,122
313,318
38,45
41,43
205,215
6,8
14,16
22,26
193,201
31,37
94,99
34,36
243,249
50,56
50,55
58,60
160,162
5,7
108,115
27,35
8,10
96,103
7,12
5,7
182,186
4,9
61,66
61,71
24,31
8,10
57,64
150,157
194,200
62,64
124,126
8,10
200,203
29,35
24,31
62,64
0,6
33,35
245,251
312,314
13,15
202,204
189,196
18,29
91,93
66,76
95,97
95,101
35,47
22,24
67,69
77,79
378,383
83,93
9,11
45,52
83,90
4,7
82,87
152,159
176,183
0,3
43,45
138,145
48,55
6,8
63,65
5,7
46,53
114,119
12,14
7,14
170,176
0,6
59,70
158,165
15,17
41,48
0,6
74,79
39,41
190,196
8,10
57,64
14,16
17,23
37,51
0,6
27,33
22,24
52,54
0,3
80,91
170,176
50,52
35,37
7,12
61,68
53,56
15,17
36,38
75,83
81,88
18,20
159,165
7,16
48,54
8,16
62,68
14,16
110,112
136,138
13,18
8,14
210,218
17,24
10,12
231,233
51,56
17,20
0,4
127,134
0,2
81,85
58,61
50,52
199,201
106,111
231,238
17,24
42,49
180,187
98,116
8,10
60,71
15,22
10,12
59,61
114,120
67,72
79,81
291,297
114,116
21,23
0,6
6,8
53,57
148,153
7,9
22,28
89,95
5,7
108,115
66,71
0,5
58,60
153,157
20,22
103,111
4,9
9,11
11,13
4,6
7,11
68,74
20,31
81,86
55,61
109,116
81,88
113,115
71,78
6,8
45,47
188,199
6,8
225,232
61,68
12,19
33,35
7,9
40,42
65,67
319,325
33,38
89,95
55,57
187,201
197,208
5,7
27,35
34,36
266,272
44,46
19,24
0,13
42,44
0,8
35,42
18,20
111,117
9,12
30,37
152,155
121,123
171,178
8,14
18,24
21,23
92,99
0,3
9,11
53,57
281,292
2,7
303,308
63,65
32,39
65,69
34,42
32,38
113,115
173,179
6,14
206,213
20,26
8,10
98,105
73,75
8,10
114,122
11,13
21,23
74,81
21,25
9,14
29,35
47,54
76,83
10,12
0,2
219,230
0,6
40,42
79,83
112,118
0,3
18,20
42,44
12,17
5,7
30,37
313,319
103,110
5,7
2,5
20,22
171,182
56,60
27,33
152,158
5,17
11,13
104,111
152,155
58,64
72,79
30,32
28,31
58,65
19,21
30,35
56,58
23,25
52,54
7,9
7,18
45,47
8,14
10,14
0,3
82,89
118,129
107,114
42,44
112,118
5,7
38,43
39,46
37,39
30,37
199,203
22,33
172,174
141,147
35,40
50,52
2,5
69,78
7,12
216,221
31,33
92,96
63,69
29,31
51,59
67,81
115,122
8,14
0,2
8,17
8,15
2,4
5,7
0,7
13,15
5,7
55,61
362,364
10,16
63,70
26,31
136,143
130,135
8,12
130,136
117,121
5,14
6,8
146,158
4,6
59,61
13,15
54,59
21,26
88,94
0,7
12,14
7,12
16,18
31,36
4,9
31,36
7,9
92,98
79,85
6,8
66,68
7,13
92,97
42,44
32,38
16,21
0,5
79,86
10,12
22,29
162,173
7,13
353,357
66,73
115,123
67,72
101,107
87,89
117,124
0,6
6,8
8,15
144,155
94,100
243,249
48,50
7,9
34,36
296,302
58,60
9,15
14,19
10,12
59,65
99,109
42,49
97,99
5,12
14,19
147,149
0,7
18,20
60,62
0,2
7,9
12,14
159,161
29,32
10,12
19,21
8,10
0,7
51,58
7,12
69,77
70,80
13,15
55,57
39,50
13,19
22,26
29,31
74,79
14,16
62,74
10,12
8,10
93,99
93,101
99,106
231,237
65,73
113,123
131,137
15,17
2,9
56,58
8,23
22,28
2,8
6,8
89,96
205,210
14,16
113,117
71,76
182,184
76,78
47,58
41,49
120,123
0,5
60,65
28,30
9,20
89,95
11,13
236,240
247,258
15,22
67,78
24,30
100,105
199,210
11,18
8,10
23,25
175,177
63,70
312,320
27,34
31,33
6,8
127,129
76,78
0,6
6,9
89,95
8,13
68,76
152,159
69,76
50,57
67,69
129,144
87,98
5,11
2,5
110,118
71,73
0,2
5,7
12,18
0,6
144,149
209,211
102,108
7,9
22,28
156,158
68,76
129,136
184,189
10,16
175,184
109,111
6,8
93,95
115,121
19,21
104,119
9,15
54,62
0,2
76,78
71,76
245,251
87,89
6,8
351,357
0,6
10,13
231,237
10,15
5,7
11,13
21,26
207,212
0,2
199,208
10,12
45,52
64,75
0,6
89,96
25,36
0,3
26,28
33,40
36,38
0,2
24,26
8,10
179,181
21,26
111,118
182,186
13,20
6,8
0,8
21,23
64,71
0,2
22,24
31,33
0,6
277,283
283,286
47,54
45,60
36,38
24,26
32,34
10,12
27,29
11,15
8,10
44,47
0,2
8,10
44,51
136,139
54,56
60,68
139,145
47,49
13,20
85,90
7,9
77,79
239,246
190,196
30,32
242,248
90,100
44,46
65,78
199,206
35,38
50,61
0,3
59,65
40,47
177,183
93,100
131,136
8,10
169,189
88,92
192,199
48,51
46,48
6,8
6,8
33,36
37,44
15,17
5,9
30,37
141,149
137,143
163,171
89,96
54,62
9,11
35,47
30,36
30,32
99,102
356,371
10,12
22,24
96,102
11,13
83,90
12,14
5,7
8,10
0,7
83,85
189,191
140,146
7,9
23,30
150,156
85,92
80,87
121,127
201,205
2,4
80,82
13,15
17,19
34,36
18,23
151,158
2,8
17,19
18,20
122,126
100,105
6,8
42,44
14,16
96,102
32,35
37,44
31,37
53,59
115,117
13,15
38,43
0,3
338,345
154,156
18,23
152,159
4,11
179,186
12,14
125,130
15,17
90,97
8,12
29,35
0,6
2,5
11,13
14,16
144,148
8,10
7,9
54,65
21,23
152,163
419,426
64,71
33,35
193,204
18,25
49,55
2,4
6,8
41,48
42,51
18,24
43,51
378,389
8,12
21,23
14,20
6,8
100,106
0,2
105,111
2,4
241,250
10,12
86,88
16,20
56,62
104,109
116,131
7,9
79,84
29,34
9,11
27,30
6,8
86,92
76,82
27,29
6,8
230,238
118,122
8,23
93,100
25,28
124,131
75,86
10,15
7,12
7,13
242,253
0,2
120,123
70,77
178,180
6,13
4,20
93,101
31,34
21,23
68,75
6,8
74,79
17,24
63,70
10,14
6,8
150,156
31,38
11,13
0,6
22,33
172,178
23,25
57,62
12,14
2,4
37,39
7,10
67,73
242,249
39,41
20,22
16,27
237,239
111,117
42,45
28,30
196,200
169,184
127,129
87,93
161,167
7,10
30,32
12,19
6,8
76,83
207,222
32,34
33,35
43,45
118,125
96,102
180,182
23,25
139,150
14,21
81,83
53,55
24,26
175,182
29,31
118,120
5,7
53,59
7,10
0,6
351,357
432,436
11,13
97,101
40,44
20,22
50,59
2,6
18,25
38,40
4,10
46,51
104,111
53,55
51,58
151,157
52,67
17,19
169,189
112,118
74,76
53,60
144,148
2,10
73,81
2,8
135,142
83,90
238,246
85,92
294,301
80,82
22,24
0,6
3,5
95,102
243,249
144,159
7,9
187,193
132,138
17,22
37,39
29,36
150,157
59,65
88,90
5,7
13,19
20,22
24,31
104,109
33,40
10,12
24,26
87,95
33,40
24,26
294,302
139,143
0,2
30,41
8,10
112,119
64,70
5,7
162,168
211,218
50,57
28,30
190,196
212,219
39,41
30,37
2,5
48,54
144,146
58,60
67,69
27,29
55,57
65,72
0,11
29,33
23,25
104,110
7,9
419,425
221,225
0,3
32,36
10,12
26,30
118,121
89,95
88,94
77,82
0,6
5,8
4,10
11,17
20,25
266,276
20,23
54,61
87,94
108,114
6,12
7,13
18,23
110,115
207,212
21,26
67,74
12,19
0,6
6,8
35,37
26,31
69,71
33,35
0,6
18,21
63,65
34,39
86,88
294,301
17,23
131,137
62,64
2,6
5,7
139,150
171,178
112,114
154,156
208,215
258,265
141,149
26,32
83,91
39,41
7,14
10,12
34,40
22,27
7,9
6,12
34,44
17,24
58,64
160,169
87,94
17,20
10,12
24,29
7,9
7,13
17,19
185,191
0,2
29,35
87,89
106,112
42,49
191,197
157,168
39,41
0,6
103,122
33,36
9,15
89,95
35,42
6,8
0,7
49,55
57,68
6,8
34,42
87,94
0,3
34,36
35,47
66,72
19,21
19,21
40,47
46,48
89,97
109,115
6,8
90,96
67,69
0,4
77,89
52,58
49,56
35,41
28,31
4,6
125,137
127,132
7,9
11,17
2,8
28,34
47,49
96,103
21,26
59,61
124,135
13,15
104,112
107,113
0,3
419,425
11,22
5,7
294,301
15,17
32,34
345,353
146,158
59,61
28,33
3,10
81,83
79,81
139,141
60,67
60,66
74,80
40,43
31,37
168,172
6,8
10,12
160,162
109,118
53,57
46,54
18,20
24,26
46,48
58,60
118,120
49,51
8,10
130,136
120,126
8,23
271,274
199,209
76,78
8,10
6,10
48,50
59,61
217,221
100,107
131,133
252,258
127,129
218,220
0,3
48,53
12,27
99,104
8,10
4,9
7,9
10,12
110,120
2,8
110,112
68,75
31,35
72,87
110,120
27,32
31,33
8,11
0,2
10,12
31,37
43,54
7,9
73,79
15,26
8,10
20,22
7,12
0,3
77,88
2,9
60,68
65,72
0,12
18,25
21,23
96,102
26,32
15,16
20,25
130,133
43,45
0,6
8,10
0,6
143,154
73,79
53,55
37,39
20,22
372,376
8,15
15,27
82,85
42,45
16,18
0,3
51,56
98,107
97,105
2,4
42,49
107,109
20,22
6,8
23,29
11,15
47,52
124,131
4,6
28,31
104,112
42,46
10,12
71,77
242,257
6,8
18,20
74,80
17,19
32,34
5,12
2,5
187,193
45,47
20,22
53,60
124,131
119,121
196,199
8,13
68,70
7,9
20,22
8,10
0,2
56,58
13,15
0,2
116,118
23,25
6,8
29,31
33,38
65,72
6,12
8,10
47,54
19,21
5,7
101,108
4,8
7,9
291,298
93,99
217,224
49,55
34,36
0,5
55,57
93,104
49,54
27,32
238,246
15,17
6,8
74,76
206,212
6,8
214,217
128,135
28,30
279,286
8,10
166,172
0,3
8,10
8,10
347,352
65,72
86,88
131,135
7,9
83,90
109,114
62,69
128,130
172,174
130,145
6,8
0,4
6,8
6,12
45,49
5,7
4,9
81,83
82,87
98,104
33,44
15,17
164,171
172,178
8,10
43,45
137,142
50,52
13,15
42,44
12,24
15,17
134,137
15,21
6,8
62,64
255,257
31,36
181,183
54,59
46,53
61,66
8,10
61,69
28,39
92,99
23,29
43,45
145,152
118,121
53,59
23,30
151,158
4,9
2,14
211,222
58,63
15,17
98,104
6,8
154,156
63,69
16,18
151,161
33,41
0,6
55,57
49,51
48,50
33,40
419,425
270,272
8,15
8,15
246,261
10,12
105,116
106,114
25,27
189,191
116,120
8,10
70,72
47,54
11,13
34,36
248,263
10,13
6,8
54,56
20,22
127,134
21,27
66,69
6,8
114,119
69,71
101,105
179,186
20,22
27,32
89,99
44,46
36,38
2,8
2,5
54,59
145,156
20,22
107,116
164,167
0,5
42,44
136,142
6,8
48,51
73,79
8,10
93,95
192,200
6,8
195,202
347,352
49,60
117,124
24,26
11,17
218,220
15,22
60,67
29,31
77,82
21,30
76,78
27,34
8,10
13,15
43,51
70,77
58,65
24,27
34,38
286,291
67,73
35,37
31,33
95,97
26,28
5,11
9,14
394,401
34,36
7,9
68,70
202,204
0,2
12,14
82,88
30,32
11,13
10,17
98,102
7,9
120,123
54,60
0,5
38,40
95,102
175,182
105,116
129,131
71,79
5,7
229,241
68,75
234,241
175,177
44,46
53,59
0,3
103,105
14,16
6,11
15,17
44,50
87,93
71,79
65,69
5,16
14,16
95,102
17,19
63,65
55,58
0,7
147,152
31,37
5,16
16,23
118,126
126,128
277,284
0,7
241,250
25,27
184,190
13,21
8,10
173,180
41,43
48,54
7,14
12,18
12,14
13,20
2,5
31,33
93,105
218,233
141,146
44,51
0,4
47,49
68,74
26,28
112,118
71,78
172,174
8,10
127,129
8,11
130,137
5,7
36,42
41,46
22,27
92,98
11,13
83,85
188,199
22,25
24,26
61,65
7,9
55,61
164,175
51,59
26,32
2,5
82,87
103,111
34,41
6,8
40,42
261,269
343,346
75,77
46,53
68,76
82,89
45,51
22,24
35,38
221,228
173,180
27,30
26,32
69,76
28,35
32,37
106,114
7,9
43,49
128,135
134,140
0,11
31,37
189,195
32,34
8,10
11,16
10,14
54,61
12,14
41,47
70,77
45,47
2,4
25,27
120,122
23,27
81,87
71,73
8,15
178,183
333,335
51,54
18,23
291,298
98,106
46,51
79,81
8,10
68,74
103,109
9,11
6,8
7,12
3,5
12,14
26,28
140,142
23,28
2,9
129,144
28,30
34,36
204,217
275,286
12,14
10,12
13,15
25,31
8,10
0,5
2,4
47,54
79,94
34,36
137,143
44,46
49,51
36,41
18,20
77,82
114,120
12,14
63,70
117,124
10,12
87,94
26,28
9,11
72,79
19,21
52,56
0,6
18,23
7,9
77,88
54,56
9,11
62,68
211,219
18,20
0,2
19,34
130,136
33,38
110,115
110,116
49,51
25,40
72,74
67,70
149,154
192,199
85,87
19,21
12,14
82,85
120,122
15,20
18,20
116,118
90,94
31,36
10,16
6,8
55,65
16,24
8,10
172,174
29,33
31,37
345,353
152,158
113,118
130,135
102,106
72,75
214,222
0,6
8,10
7,14
6,8
183,185
333,335
217,224
15,20
419,425
23,30
8,10
22,24
22,28
282,287
195,197
31,37
7,9
144,146
4,9
36,41
12,14
0,11
122,131
14,16
98,109
8,10
62,68
104,106
29,36
65,69
14,16
24,26
10,21
158,165
2,5
68,74
317,332
180,186
243,249
142,147
65,70
53,64
7,12
6,8
231,238
60,67
13,15
203,210
24,31
25,27
19,24
20,31
11,13
62,69
301,311
14,16
71,77
20,25
16,21
126,131
33,39
225,231
2,9
54,56
126,131
52,58
212,216
8,10
95,97
8,14
70,75
12,14
41,43
194,202
185,191
86,89
7,9
214,222
78,85
76,83
33,38
13,15
27,34
38,40
35,37
7,9
6,10
0,6
35,37
38,40
63,68
177,185
17,19
7,9
52,56
205,212
0,4
109,111
63,68
2,5
25,27
39,46
31,35
136,143
130,138
14,16
48,50
65,67
79,85
43,45
76,83
81,88
154,165
341,349
7,12
10,12
9,15
6,15
63,68
50,59
283,290
24,29
79,81
15,22
13,15
11,17
16,22
46,53
8,10
29,34
35,37
44,46
2,4
28,36
14,24
39,46
22,24
10,12
62,66
19,21
5,7
20,22
15,17
7,9
0,7
14,16
97,105
10,14
8,10
14,16
269,275
45,51
8,11
2,5
0,3
46,53
13,15
19,21
11,16
4,10
12,14
209,211
2,5
6,8
180,187
28,30
99,101
5,11
22,24
8,10
30,37
78,80
52,59
35,37
6,10
23,25
8,10
40,47
6,8
63,70
118,129
94,101
71,73
54,56
304,311
5,7
19,21
14,16
122,129
143,152
36,41
98,104
4,9
17,22
107,112
2,4
8,10
88,91
20,26
92,97
13,15
67,69
26,28
123,130
24,29
87,93
16,18
227,234
38,43
10,12
6,11
14,16
161,168
51,56
6,8
195,202
9,13
36,42
113,115
128,134
111,116
225,232
3,10
0,3
11,18
61,63
24,26
53,60
0,5
42,44
211,222
34,41
8,10
65,67
0,5
18,25
2,4
21,32
41,47
35,42
34,42
52,59
207,212
76,83
98,100
98,105
88,90
17,19
8,14
126,128
77,79
122,129
24,26
31,37
14,24
108,111
8,10
22,27
141,145
41,43
27,29
210,216
12,14
12,18
0,6
159,164
77,79
26,32
0,3
176,178
262,268
6,12
152,158
25,36
25,32
115,122
6,12
6,8
57,64
7,9
67,74
160,165
38,42
142,148
76,82
80,83
23,27
71,77
20,31
133,139
46,50
26,28
13,15
64,70
36,42
38,40
152,158
13,24
36,43
59,65
128,135
96,108
72,78
192,200
20,22
71,73
17,23
98,100
69,71
48,55
23,29
59,61
28,30
22,24
71,77
63,70
38,42
22,27
66,68
16,18
29,31
14,19
160,166
171,178
35,37
6,8
171,177
129,144
47,49
30,32
53,55
58,63
22,28
335,341
10,12
13,19
106,112
8,10
72,79
77,85
15,17
107,116
7,10
14,19
7,9
79,81
62,68
49,56
38,43
6,8
53,57
40,42
36,42
229,231
37,54
6,8
6,8
195,201
140,147
255,265
26,28
7,9
8,14
0,6
48,50
81,88
166,168
6,8
8,16
12,19
10,12
117,119
78,84
91,98
77,93
117,123
6,8
189,195
307,309
22,24
62,64
36,47
50,52
7,14
130,136
6,11
97,99
86,93
91,100
107,109
2,8
22,27
103,111
22,28
24,29
276,282
148,151
13,15
99,102
103,115
109,114
69,75
0,13
41,48
33,38
95,102
24,26
93,95
24,30
8,10
152,163
71,78
13,15
117,123
377,392
29,31
8,10
40,44
96,108
59,61
7,9
67,75
63,65
65,76
31,38
38,49
13,18
28,30
172,174
34,49
35,40
195,202
58,64
126,133
103,110
11,15
193,200
6,8
25,36
126,133
209,220
219,225
30,32
19,25
74,80
27,29
32,38
70,73
257,264
154,156
79,81
16,18
12,19
6,8
109,116
54,61
12,16
23,28
333,335
61,63
62,69
0,6
67,77
21,28
230,238
102,108
98,106
107,109
3,5
86,92
4,10
45,56
30,37
310,317
131,137
6,8
202,204
61,66
39,43
8,10
14,16
29,31
14,25
9,15
62,68
243,249
14,21
27,34
82,92
44,49
31,38
135,142
0,3
149,157
3,11
27,29
35,37
28,30
60,62
64,69
152,155
23,29
2,4
101,108
4,16
6,8
0,6
212,219
97,104
42,44
378,389
164,166
49,55
61,63
16,18
45,47
6,8
6,8
12,14
54,60
6,8
38,44
54,56
6,8
189,195
5,9
0,4
37,43
7,9
0,4
49,56
11,17
61,67
62,64
0,2
15,17
104,111
0,6
17,23
39,46
11,13
9,11
60,62
222,228
22,24
189,191
55,62
5,7
74,81
19,21
25,27
51,63
269,275
8,10
66,68
204,212
6,8
26,28
101,112
23,30
172,174
19,21
8,17
72,79
19,21
2,7
118,120
52,58
119,126
46,53
17,19
37,39
67,72
19,25
76,81
77,88
76,83
0,3
20,22
9,18
97,106
88,94
6,8
0,3
18,20
91,97
93,95
130,138
92,98
6,8
83,85
20,22
6,8
119,127
184,186
5,9
0,7
33,37
5,7
15,21
0,2
96,101
7,9
82,89
27,29
96,103
78,85
5,7
17,22
31,33
18,20
6,12
18,25
116,123
30,37
67,69
36,38
209,220
22,24
6,8
106,113
7,13
10,12
76,78
26,32
6,8
44,50
311,318
20,25
176,178
250,256
7,9
55,57
65,77
64,71
60,68
6,8
6,8
7,9
103,114
103,110
87,94
0,7
14,16
24,26
103,109
0,10
87,94
93,98
8,10
7,9
115,125
7,10
218,226
0,13
13,20
49,51
12,19
78,84
63,74
63,74
38,43
150,156
144,149
27,29
18,20
51,53
0,3
8,15
5,12
41,47
35,37
138,144
39,41
53,56
289,294
64,71
0,6
101,105
42,46
13,19
27,29
10,12
12,14
189,196
184,192
291,298
18,20
20,28
15,21
7,12
13,15
189,196
115,121
72,77
6,12
125,131
5,11
11,13
58,64
6,8
18,24
10,14
8,17
15,21
39,44
13,21
0,8
5,16
8,14
67,74
14,20
40,42
6,21
121,128
23,25
69,75
211,219
215,221
6,8
29,37
22,24
133,136
4,20
8,10
92,96
0,3
312,314
10,12
52,56
26,33
23,30
23,25
20,22
37,43
28,31
76,78
6,8
83,89
89,107
76,83
7,13
23,25
53,60
42,44
18,20
12,14
76,78
53,60
33,39
160,170
20,25
67,69
87,98
12,14
19,21
40,46
124,129
101,108
104,106
49,54
141,149
200,205
175,181
26,28
120,123
6,8
79,84
136,141
121,126
22,24
7,9
77,86
0,2
8,10
52,54
205,212
20,26
2,5
44,51
58,65
10,12
6,8
0,5
27,32
75,77
79,81
10,12
6,8
70,82
53,55
0,2
9,11
160,167
81,88
45,47
38,40
24,26
62,74
39,48
107,109
262,268
113,120
74,81
0,4
89,96
67,70
224,231
31,33
155,157
133,137
104,106
44,46
23,25
42,49
338,345
74,79
8,10
107,112
74,80
6,12
76,83
58,64
21,29
29,31
204,214
18,21
18,20
29,31
11,14
64,69
13,15
6,8
20,25
0,8
50,57
107,109
261,267
7,12
6,13
82,88
8,10
218,226
175,177
0,3
57,64
108,111
70,75
19,21
47,54
90,98
16,21
201,212
14,16
113,117
414,420
82,88
6,12
158,160
126,133
2,5
33,38
132,137
459,462
14,20
8,10
3,5
35,39
86,94
0,2
35,42
29,39
21,23
159,164
15,17
53,57
231,236
18,20
15,17
155,162
6,8
0,7
190,194
123,129
71,77
21,28
14,25
27,29
105,109
8,10
46,57
237,243
6,8
107,112
93,100
35,37
60,68
121,127
103,105
68,74
12,14
308,312
44,50
0,3
33,39
6,20
0,2
43,45
44,51
126,132
6,8
105,116
39,44
11,17
62,69
37,39
8,10
53,59
12,15
89,93
51,63
37,39
32,34
60,66
74,76
100,107
40,42
308,323
31,33
210,216
193,204
22,24
149,159
0,2
42,48
106,114
125,132
6,12
11,17
151,157
7,9
64,70
0,2
31,37
266,276
-1,5
0,3
22,28
64,69
33,35
13,21
147,150
12,14
271,274
4,8
13,18
5,12
146,157
57,59
22,29
74,80
74,76
92,96
110,116
5,10
171,182
33,38
26,31
33,39
118,122
52,54
51,59
14,16
12,14
123,125
47,54
79,85
290,292
301,305
6,8
37,51
5,7
64,70
27,32
72,74
4,12
82,94
22,28
45,60
13,21
50,57
7,9
95,102
14,20
45,47
124,131
101,107
8,10
113,115
52,58
12,17
144,146
171,178
14,16
134,140
17,19
38,45
35,41
48,55
65,72
29,31
36,40
5,7
7,9
133,135
10,17
11,16
16,22
172,177
55,66
121,128
72,79
36,38
53,56
41,48
50,59
24,29
81,83
117,124
117,122
146,152
7,14
22,28
280,285
195,197
8,10
0,5
36,38
91,93
12,18
57,64
7,10
35,42
82,89
69,77
98,100
61,63
152,157
0,7
71,73
141,151
7,12
12,19
7,9
91,99
18,20
79,86
12,14
176,178
6,12
64,69
68,74
188,193
16,28
0,2
13,17
129,136
18,24
10,17
10,17
209,211
211,218
44,49
68,75
17,20
21,23
231,237
45,47
101,103
6,8
49,56
197,204
65,72
411,415
16,21
15,17
6,8
8,17
15,16
348,363
141,144
294,301
54,61
17,24
231,237
99,105
6,8
8,10
0,8
56,71
77,84
201,206
33,35
79,81
11,15
8,10
2,4
8,13
35,37
30,32
23,26
139,146
27,35
79,85
2,7
11,18
73,77
180,185
35,38
78,85
6,8
303,308
172,174
5,7
345,353
109,115
20,27
8,11
119,124
243,250
17,23
71,82
5,11
0,8
33,38
41,54
67,72
140,145
81,88
183,187
81,87
12,18
45,52
20,22
2,7
34,36
94,96
24,26
48,55
125,128
3,8
104,112
0,7
53,68
14,16
82,89
21,28
62,64
16,23
6,8
20,22
0,6
8,10
189,191
55,57
151,157
57,64
53,55
74,76
35,42
25,30
176,182
7,9
155,161
8,10
35,42
30,35
23,26
172,174
155,158
52,53
100,105
115,117
19,26
62,69
164,170
20,22
34,36
68,76
42,49
44,51
11,15
63,68
178,185
23,29
6,8
134,140
18,22
80,82
63,70
0,6
5,7
22,24
23,29
6,8
38,44
14,20
6,8
118,123
107,117
33,35
85,92
50,52
17,24
13,21
144,148
174,179
103,111
23,29
23,30
8,14
77,87
6,8
40,42
315,321
6,8
131,133
81,87
35,50
139,150
0,7
42,49
24,26
29,31
48,50
278,287
22,24
6,8
290,292
18,23
133,140
54,61
214,217
14,16
66,68
119,124
30,35
97,99
61,67
108,115
39,45
28,33
10,12
2,4
43,45
93,100
22,26
28,30
11,13
186,187
33,39
10,12
32,34
10,12
8,10
34,36
15,28
48,55
113,115
89,95
13,15
92,99
5,7
6,8
28,32
89,91
73,80
62,64
3,9
6,8
77,93
0,2
7,10
55,66
153,157
7,9
80,91
206,212
10,15
26,29
204,211
101,103
13,15
135,141
28,40
9,15
4,10
70,73
271,274
6,8
44,46
130,136
122,129
8,10
47,49
28,30
241,246
99,111
124,126
22,24
111,117
5,9
6,8
103,108
14,18
58,65
54,60
11,13
16,18
31,38
27,29
22,29
0,2
22,24
6,12
147,149
16,27
69,80
61,63
13,15
10,12
93,95
36,43
8,10
11,13
5,22
27,29
6,20
74,80
21,23
117,123
34,44
0,5
42,47
23,30
25,27
61,71
65,72
0,5
2,4
19,25
65,67
30,38
219,225
138,145
6,8
15,19
136,141
50,52
41,43
8,10
234,241
87,94
2,5
108,115
23,27
49,51
71,77
28,33
5,7
8,10
77,81
139,148
176,178
101,103
7,12
34,36
7,15
66,72
29,31
113,125
51,54
53,59
7,13
24,26
44,46
6,12
10,12
193,198
109,111
43,45
45,52
0,6
6,8
51,59
0,7
6,8
68,75
0,7
7,9
33,41
117,123
9,12
243,249
121,129
44,46
7,14
179,186
295,297
107,109
0,2
13,15
102,109
41,47
54,61
18,20
0,9
10,12
2,4
77,84
8,10
37,51
291,302
8,14
44,46
156,160
193,195
38,43
112,114
82,86
24,26
2,8
6,8
5,11
129,144
18,20
54,60
100,102
36,38
8,10
6,11
9,11
33,35
0,9
27,29
107,112
152,155
63,65
42,47
55,66
11,17
98,106
68,70
18,20
361,363
76,82
8,10
96,103
8,15
6,12
6,8
29,31
22,27
147,154
110,115
16,19
43,45
4,10
104,109
26,32
6,8
97,104
34,36
2,7
41,46
32,34
7,9
8,10
230,238
96,100
310,316
31,37
264,275
8,10
60,67
6,12
42,48
6,20
26,28
57,59
44,46
276,282
41,49
134,140
170,176
34,39
106,113
79,86
142,145
8,10
0,11
8,10
80,87
186,193
11,13
7,9
2,4
7,9
60,66
46,49
0,3
79,81
9,11
8,10
202,204
43,51
0,3
129,136
14,16
6,8
50,59
80,87
49,51
67,70
118,125
6,8
76,83
169,184
76,78
205,212
36,43
21,31
103,110
44,46
105,116
84,90
148,150
97,102
43,45
79,81
31,40
123,130
103,110
70,72
74,81
20,25
14,16
46,53
100,102
121,132
56,58
149,154
19,21
32,36
128,134
81,88
61,69
141,147
7,9
103,110
159,164
130,132
74,81
10,14
13,20
118,120
6,11
6,8
93,95
66,68
282,289
31,38
301,311
52,57
209,220
20,27
6,8
39,46
0,7
123,127
25,27
23,25
11,16
84,90
8,10
17,19
116,130
1,7
7,9
58,60
33,54
293,308
64,66
42,44
96,108
44,51
15,17
0,12
90,98
4,6
0,3
11,13
26,28
74,85
116,122
10,16
15,17
170,172
4,9
88,97
189,195
141,147
12,14
113,123
14,19
178,183
286,291
90,98
35,37
57,64
0,7
11,13
7,9
14,16
8,10
49,51
252,258
70,72
56,58
13,16
90,97
58,65
41,48
32,45
62,68
231,236
8,10
9,15
109,116
56,61
0,3
0,6
2,11
82,85
171,178
2,6
55,61
24,26
25,30
7,9
73,85
13,15
99,102
10,12
26,28
63,69
2,5
7,9
39,45
0,6
2,7
10,12
81,87
190,195
57,64
0,3
10,12
5,7
23,25
70,72
7,12
41,43
39,46
104,119
19,25
10,12
255,265
237,243
0,12
43,45
96,102
88,94
189,195
95,102
2,7
53,59
2,4
23,28
85,92
15,22
34,36
7,9
2,8
41,43
24,26
0,2
12,14
64,70
36,38
46,51
76,83
69,71
201,208
459,462
2,5
64,66
97,105
13,19
0,3
22,26
24,29
8,10
74,81
227,229
8,10
20,22
47,54
15,17
65,71
109,111
8,10
80,87
9,15
178,183
13,15
42,44
17,19
53,56
43,45
130,137
139,150
199,201
26,28
67,74
80,85
7,9
146,158
38,40
54,61
7,14
7,10
77,84
221,223
58,69
19,21
18,20
8,10
0,2
77,89
5,7
8,10
34,36
40,44
15,22
0,5
56,67
26,34
27,30
41,47
17,24
162,168
159,174
229,236
112,118
140,146
224,231
162,168
132,139
69,76
102,109
52,54
76,81
77,82
98,104
5,7
2,4
19,21
8,10
58,65
72,74
71,73
76,80
32,34
10,15
83,85
17,19
147,155
10,12
21,23
8,10
113,123
2,5
34,36
147,149
21,23
154,160
53,55
227,229
6,8
7,9
25,28
237,244
72,79
280,286
6,8
28,33
184,190
211,218
211,222
79,86
106,114
78,81
118,125
13,27
13,15
0,6
22,28
47,49
18,28
12,19
171,177
87,89
6,8
0,2
85,91
42,48
111,117
203,207
10,12
52,54
248,254
16,18
243,249
53,59
22,27
68,71
13,19
6,8
152,158
60,62
15,22
63,69
0,6
102,109
19,25
9,11
121,126
34,40
167,173
18,20
33,35
98,103
74,76
24,26
0,6
35,44
77,88
167,173
51,54
72,79
88,95
74,76
90,96
26,28
336,343
6,8
37,39
17,19
31,34
45,52
24,26
38,43
11,22
38,43
152,154
6,8
7,10
202,204
5,12
14,19
27,29
23,25
60,67
46,57
278,293
60,66
49,51
79,85
85,90
51,59
9,11
16,18
12,14
34,36
101,109
133,136
28,30
15,21
27,29
43,51
130,136
92,97
20,26
127,129
8,16
16,18
65,70
271,274
10,12
12,14
55,61
0,6
26,32
180,187
238,243
25,31
6,12
21,27
93,100
51,63
215,221
120,122
64,69
151,157
22,27
53,60
125,132
12,15
28,33
3,9
97,112
133,136
163,169
33,39
127,129
74,84
27,37
55,58
42,45
129,131
30,37
21,26
19,21
30,32
13,16
7,10
286,291
70,82
8,10
28,30
198,208
166,173
0,2
46,48
99,102
29,35
151,155
6,8
8,14
2,5
5,8
118,121
16,19
16,28
12,19
20,28
6,8
7,9
23,25
80,85
16,18
121,131
0,3
113,115
42,46
8,23
59,61
125,127
32,41
27,35
32,38
14,16
5,7
53,55
91,98
76,78
226,234
14,20
20,25
123,134
61,68
96,103
27,34
71,74
83,85
8,12
32,37
149,159
163,168
14,16
11,14
9,11
7,9
72,79
49,55
36,38
39,41
8,10
39,46
107,111
0,4
8,10
125,137
7,9
145,152
26,28
138,142
43,49
5,7
200,205
37,39
28,35
60,75
12,14
77,79
100,104
30,33
22,27
36,38
35,42
38,40
24,26
8,23
98,106
76,83
96,98
17,20
28,33
8,10
189,195
51,53
13,15
12,19
18,20
47,52
34,36
66,68
18,23
62,69
73,79
4,6
14,24
196,198
178,185
7,9
7,13
6,8
45,47
243,252
11,13
0,3
27,29
14,19
50,52
29,31
47,52
83,90
53,55
154,159
15,17
68,75
134,141
171,178
0,5
26,28
133,135
28,30
11,18
169,189
50,55
53,60
331,336
101,103
61,63
71,73
0,7
18,20
26,32
0,6
15,20
55,65
2,5
7,11
122,129
5,7
116,124
30,37
130,136
33,35
55,65
56,58
72,79
5,7
280,291
12,14
62,64
6,8
87,93
12,14
44,46
9,12
11,17
9,11
6,8
63,70
35,40
6,8
71,73
25,30
5,7
290,292
2,6
92,96
147,154
76,83
192,195
6,8
0,3
14,16
65,69
7,13
6,13
333,335
159,167
12,19
189,200
124,135
2,5
118,123
228,232
206,213
118,120
2,5
307,309
176,178
31,33
7,9
87,94
2,4
148,155
152,155
62,65
164,169
115,129
87,89
21,26
77,82
0,2
12,15
0,7
24,26
133,140
67,74
210,216
8,10
114,122
5,7
63,65
19,21
57,63
39,41
74,81
41,43
23,25
169,171
335,341
64,75
68,74
57,64
18,23
119,127
22,24
13,15
63,70
10,12
19,26
0,6
86,89
3,5
26,28
7,9
8,10
22,27
178,182
47,54
20,22
50,56
11,13
38,53
226,234
87,92
13,20
0,6
55,63
77,88
6,8
8,14
0,2
301,305
17,22
86,88
11,15
7,14
106,108
19,21
37,44
48,51
246,261
13,20
59,65
11,13
29,34
133,136
129,135
6,8
28,32
195,201
144,151
154,156
298,310
6,8
125,137
34,36
48,54
197,208
30,32
9,11
166,173
34,41
8,10
0,2
34,36
