8,10
79,86
67,71
11,13
113,118
58,60
5,7
0,7
9,14
19,21
116,120
6,8
13,19
6,8
29,35
17,23
0,4
12,14
162,165
99,106
58,60
7,12
24,29
63,70
15,22
6,8
22,37
91,102
155,161
23,29
209,215
4,8
12,14
7,19
8,10
181,192
8,10
11,25
68,77
247,255
18,21
24,26
19,24
42,49
0,7
12,14
18,20
25,32
32,34
2,6
28,30
6,8
347,354
31,33
192,198
0,6
34,41
77,82
8,10
7,19
98,105
33,37
2,7
158,165
93,99
81,83
7,10
194,200
41,48
8,20
8,10
13,15
5,7
151,163
2,7
10,12
6,8
130,139
26,28
54,60
27,30
13,15
136,143
32,36
89,95
64,69
35,41
64,70
82,85
27,29
46,52
12,14
29,31
68,70
58,60
56,61
84,86
8,10
72,80
67,69
71,77
46,52
11,17
21,28
50,55
13,15
2,8
63,68
17,20
33,44
27,32
91,98
283,289
24,26
0,6
108,115
13,17
52,58
2,7
40,52
36,41
84,90
6,8
243,249
25,32
47,49
53,57
36,43
27,33
6,8
123,126
15,17
169,189
56,58
84,89
86,93
310,317
46,52
210,215
37,39
6,8
70,72
124,131
53,60
2,8
18,20
6,17
100,111
8,10
6,8
135,141
7,9
88,90
44,46
192,203
156,163
30,34
8,10
74,81
7,12
74,81
52,56
14,21
75,83
211,214
105,107
92,100
26,28
12,14
77,79
0,7
81,83
13,20
180,186
9,11
29,31
33,39
22,29
37,54
243,249
11,16
74,80
76,78
3,5
0,11
46,55
0,2
31,36
161,166
6,8
7,9
312,319
2,10
2,4
163,165
0,2
55,57
0,3
8,14
190,197
6,8
119,126
34,36
12,14
18,21
27,34
0,3
32,34
93,95
27,30
8,16
6,8
43,49
6,8
71,75
117,124
0,6
85,87
0,6
13,15
16,18
38,49
10,12
80,87
3,9
12,15
0,8
6,8
75,83
5,9
18,20
0,3
106,113
7,9
0,3
99,106
15,21
31,36
93,104
6,8
115,122
7,9
14,20
63,65
16,18
21,23
2,5
0,6
7,12
54,61
103,110
6,13
19,24
44,50
214,222
15,17
30,33
6,8
43,45
37,51
11,15
18,20
330,332
104,111
109,121
61,63
16,22
45,61
14,16
227,230
12,14
0,3
187,192
218,220
2,12
95,103
0,3
7,9
29,34
54,56
22,24
51,57
42,44
98,102
87,89
10,12
0,6
283,294
6,8
51,53
32,39
63,68
27,34
18,20
3,9
38,43
23,30
8,10
21,26
42,44
82,89
27,29
17,19
118,126
63,70
82,86
4,17
20,26
113,118
32,39
10,25
20,22
79,84
6,8
17,23
34,42
8,10
11,16
19,21
137,143
22,37
0,3
30,32
6,8
173,180
98,100
21,24
65,70
25,27
6,8
7,10
57,59
8,10
51,53
44,46
6,8
55,60
7,11
163,168
7,9
10,13
23,28
28,34
6,11
46,48
8,23
13,19
109,114
0,11
0,8
90,96
0,6
5,8
8,10
12,14
25,40
105,110
7,9
81,85
15,17
79,81
7,9
56,58
19,25
46,48
252,254
53,65
6,8
7,17
169,176
128,135
90,97
6,8
81,83
11,26
113,119
4,10
32,37
137,142
7,10
5,7
117,126
26,30
7,9
71,79
8,10
17,23
35,43
9,11
48,54
10,12
7,12
70,76
30,37
0,8
8,10
81,88
87,98
181,183
140,144
98,104
31,38
8,10
7,9
6,8
65,67
115,117
8,10
277,292
18,20
122,128
146,148
204,212
13,15
36,38
215,219
110,112
32,37
25,27
43,47
8,10
7,9
18,20
97,112
6,8
65,72
7,9
31,33
115,121
148,151
7,9
117,124
98,102
30,38
9,14
5,7
23,28
126,132
7,9
69,71
8,10
33,35
28,30
127,131
10,12
6,8
209,216
46,52
6,8
36,43
60,67
46,48
74,81
190,196
7,13
130,134
8,10
10,12
114,119
48,50
44,46
97,104
99,106
155,163
5,7
16,23
37,39
7,9
24,26
29,31
14,25
110,116
61,63
111,127
144,146
6,8
6,12
5,7
12,14
12,14
34,36
120,125
8,10
32,34
8,10
8,10
10,12
39,45
63,65
53,59
106,113
13,15
17,19
107,112
98,100
22,27
19,22
14,16
96,102
231,236
64,72
34,36
180,191
2,7
42,46
2,5
77,80
85,87
6,8
42,47
81,83
10,12
11,16
48,56
26,28
8,15
10,16
109,112
52,58
10,12
19,25
21,28
96,103
6,12
2,4
6,8
72,74
105,107
50,56
53,58
89,94
21,25
33,41
83,95
49,59
71,73
111,121
12,24
27,29
136,144
19,21
12,19
62,64
12,18
8,10
37,43
73,79
53,55
41,52
8,10
58,62
8,15
98,104
23,30
6,8
5,10
39,41
186,188
60,67
93,99
21,26
27,31
5,7
6,8
183,189
190,197
6,8
36,38
68,70
38,49
13,20
27,30
8,10
6,8
70,79
57,64
102,106
21,23
13,16
0,3
10,12
20,26
11,14
16,18
2,4
123,130
106,114
10,12
6,8
71,76
7,12
44,50
7,9
72,78
255,265
264,275
184,186
28,30
69,75
45,52
6,8
171,178
88,90
195,202
175,180
185,189
28,30
113,119
172,178
80,85
71,84
76,84
2,8
162,169
48,55
137,140
33,35
11,16
35,50
227,233
0,2
16,18
4,6
45,56
38,40
183,185
2,5
101,108
10,14
88,91
13,18
52,59
35,50
36,38
4,8
8,10
7,17
14,16
6,12
0,8
188,193
72,79
14,16
0,6
0,9
10,12
63,65
30,37
185,191
92,98
5,7
0,3
6,8
0,3
7,9
6,12
281,288
0,15
61,66
8,10
57,63
62,65
2,11
211,222
6,8
7,9
155,158
12,14
40,47
65,70
29,31
68,72
32,39
23,25
17,24
40,42
35,39
4,8
260,266
115,117
68,75
16,18
8,10
11,13
39,46
54,56
184,190
17,20
8,10
64,71
94,100
113,120
68,75
44,46
103,111
13,15
48,53
7,9
10,12
21,27
303,311
71,74
92,97
32,34
24,30
31,41
261,268
13,15
183,194
22,24
78,80
58,60
125,127
47,49
10,12
169,176
6,8
34,49
12,14
16,21
44,53
70,76
39,41
123,130
44,49
52,54
148,154
0,4
107,115
49,51
12,16
198,200
39,41
0,6
11,19
57,62
0,3
0,3
78,80
39,45
2,5
33,38
53,55
74,76
28,30
14,16
47,51
15,17
16,18
5,7
5,7
21,23
10,12
0,6
8,10
90,92
10,12
184,190
18,24
118,125
77,79
8,10
45,50
152,157
16,22
79,87
5,7
85,92
37,39
14,16
143,148
71,78
8,10
68,70
49,55
132,139
113,120
4,15
6,8
10,12
6,21
252,259
18,20
36,38
70,75
25,27
144,151
154,157
124,130
11,17
36,38
74,84
214,220
115,117
3,10
3,5
81,88
8,10
16,18
34,36
172,179
7,9
120,122
37,44
92,101
65,72
39,41
153,155
6,8
44,46
4,6
0,5
145,152
8,10
49,51
21,27
0,4
26,28
46,48
28,30
8,15
182,188
11,21
51,53
273,276
55,59
69,75
109,119
19,26
101,106
35,41
62,69
25,29
21,23
12,21
0,2
18,20
36,47
46,54
0,5
0,6
9,11
0,3
331,336
52,59
54,59
18,20
5,7
16,20
68,75
13,19
61,63
8,10
171,182
301,311
59,63
57,59
21,23
14,16
47,49
14,16
6,8
72,79
83,93
351,357
81,85
17,26
10,12
49,51
26,28
102,108
30,35
8,10
58,60
56,64
17,19
115,126
8,10
155,157
43,45
21,26
108,111
12,14
19,21
6,8
223,228
79,81
6,8
79,86
44,50
6,8
84,90
26,34
6,12
42,47
105,112
76,82
42,44
53,58
40,48
26,32
14,20
2,4
184,190
394,401
7,13
214,221
14,16
21,23
151,156
43,54
67,75
66,73
40,42
12,14
0,11
121,128
9,14
97,112
79,86
66,68
8,13
125,132
23,27
75,79
101,107
240,247
6,8
147,154
50,52
7,9
285,291
21,26
19,21
164,166
20,27
10,16
134,137
0,6
8,10
29,41
29,34
98,104
14,16
102,109
15,23
14,16
66,73
34,39
23,25
65,76
7,14
8,10
2,4
5,7
14,19
47,49
88,93
86,90
7,9
45,48
7,10
94,100
15,19
113,115
76,80
4,6
47,54
160,167
7,12
285,293
60,62
67,69
51,62
19,21
31,33
205,212
0,3
0,10
8,10
188,193
34,41
8,10
32,38
221,228
8,14
98,105
5,7
4,8
8,10
45,52
25,31
6,8
80,82
53,55
7,9
21,27
32,36
90,92
30,41
54,60
21,23
18,20
58,60
124,139
6,8
7,19
0,5
83,89
41,47
84,86
6,8
0,6
47,49
295,301
52,56
19,21
24,30
0,6
12,14
47,54
8,10
8,10
11,13
5,10
54,61
121,129
62,69
8,10
0,2
9,12
153,160
2,9
4,10
167,173
104,106
7,19
12,19
33,40
46,48
7,19
13,15
31,36
7,13
346,352
50,55
10,17
127,132
0,3
11,13
60,68
6,8
43,51
29,35
37,39
22,24
114,121
6,8
182,189
73,77
6,12
151,158
97,106
3,10
0,5
44,60
0,6
42,46
80,82
21,23
80,87
25,27
301,311
28,33
25,27
117,121
28,31
7,9
22,24
49,55
29,31
0,4
46,48
182,184
123,130
5,7
4,7
0,6
9,11
197,208
18,23
19,21
0,6
6,8
6,12
7,13
6,8
17,19
10,14
27,29
25,30
0,3
130,132
6,8
61,65
152,158
10,16
75,82
79,90
181,188
294,301
88,93
18,20
4,10
8,10
7,19
238,243
5,7
37,42
10,12
8,10
4,9
67,74
6,8
203,207
23,31
7,9
29,31
17,25
134,145
123,129
307,311
0,12
55,62
72,77
36,44
2,4
172,178
10,12
20,22
45,47
25,30
24,26
248,263
20,23
147,152
11,13
7,9
60,75
3,5
7,9
9,11
3,9
23,25
11,17
129,135
200,209
48,51
129,135
100,110
0,3
277,283
83,87
17,19
18,24
41,43
224,231
6,8
41,43
106,121
10,17
5,8
45,47
30,32
7,10
52,60
78,84
34,41
8,10
7,13
28,34
44,46
71,73
0,5
5,7
117,119
11,13
44,46
17,19
60,65
63,68
26,28
211,213
22,29
117,123
8,10
57,64
23,25
113,118
167,173
25,27
100,102
13,15
0,7
50,57
24,29
28,30
43,47
0,2
81,88
88,94
26,28
15,20
18,20
198,203
93,95
6,8
20,22
153,159
49,61
119,124
8,10
43,48
196,202
11,18
26,30
148,154
22,26
13,15
46,54
6,8
238,245
32,39
16,18
0,2
12,14
11,26
13,34
0,2
6,8
76,87
21,23
163,166
74,81
45,52
158,165
47,49
7,9
6,8
39,41
57,59
60,66
214,216
126,132
6,8
11,13
74,81
17,19
152,154
93,100
288,293
148,159
12,18
36,38
12,15
8,13
5,7
76,80
84,90
5,7
10,12
88,90
178,184
50,57
52,60
71,76
25,30
7,9
37,39
68,75
202,204
96,102
148,151
44,50
103,111
0,2
108,115
5,7
4,6
82,89
8,10
26,35
102,105
13,15
176,178
31,33
32,34
43,48
6,12
93,95
86,91
25,27
83,85
222,228
40,47
17,26
95,102
16,24
8,10
0,6
9,16
33,42
4,9
8,15
0,7
123,129
0,7
40,47
121,125
154,159
28,30
145,149
12,14
173,176
55,61
16,22
220,226
6,8
6,13
10,12
22,24
30,32
0,7
142,150
149,154
0,2
5,16
107,115
27,37
90,97
179,185
5,7
96,105
293,300
14,16
8,14
6,12
76,83
25,28
60,71
8,10
145,152
98,100
394,409
92,97
16,30
110,112
79,81
13,15
54,56
16,18
51,57
45,47
12,14
156,162
6,8
71,78
116,122
15,22
231,238
17,20
56,67
8,10
133,140
50,62
98,104
151,153
49,51
71,78
67,74
57,64
143,149
16,18
33,38
116,118
8,10
27,29
28,35
21,32
131,138
14,16
44,56
189,191
8,10
34,41
10,12
2,7
44,46
49,51
25,27
208,214
29,37
20,22
4,6
44,49
9,11
28,30
147,150
0,12
8,10
78,84
0,10
36,42
144,149
15,17
31,33
221,223
40,46
79,81
18,21
42,44
31,38
42,44
82,87
12,14
22,28
5,16
60,67
210,219
19,21
182,188
136,150
7,12
81,83
29,31
118,120
216,222
6,8
62,64
85,90
50,52
189,196
27,34
113,118
146,158
58,64
0,7
0,7
43,48
22,27
35,42
140,146
12,18
19,27
35,40
155,162
0,8
119,123
105,116
44,46
14,16
71,77
16,18
19,21
78,82
44,46
6,8
15,17
188,193
20,22
25,32
140,146
8,15
19,21
57,59
173,188
45,49
65,72
77,82
106,112
75,81
8,10
82,88
13,15
5,10
10,17
67,69
39,45
55,57
62,69
107,113
16,28
228,233
15,26
30,32
165,172
2,7
11,16
8,10
37,45
62,69
8,10
0,6
12,14
41,52
17,24
50,52
17,22
33,35
6,8
121,132
31,35
36,43
8,15
97,109
87,94
103,110
50,57
36,38
11,18
44,47
79,84
52,54
112,117
80,87
33,36
85,93
23,30
209,211
0,6
34,36
12,14
78,85
6,8
25,31
36,38
30,32
6,8
8,10
88,90
29,31
35,41
134,141
10,12
190,197
149,155
20,27
30,37
6,8
159,170
80,87
79,81
54,57
288,290
79,84
8,10
0,2
7,11
118,124
0,5
72,80
12,14
22,27
43,49
9,14
7,9
0,7
46,48
7,12
7,9
24,26
20,22
73,77
16,21
0,12
47,53
114,125
176,182
6,8
90,100
7,13
87,89
7,12
124,131
0,3
107,116
28,39
7,12
16,18
166,168
2,5
276,278
193,200
10,12
88,90
80,87
122,129
8,15
2,5
53,59
102,108
55,57
23,28
12,20
14,20
25,31
222,231
142,144
82,97
15,22
26,28
14,16
53,55
67,79
91,98
77,79
36,38
0,3
77,82
243,249
8,10
211,217
76,81
62,68
245,251
7,10
8,10
73,79
26,34
6,8
175,184
14,16
125,136
62,64
62,64
36,44
0,2
28,35
73,76
6,8
31,33
13,15
29,31
6,8
47,52
25,27
164,172
6,8
2,5
40,46
95,101
5,16
7,9
5,12
115,125
24,31
171,178
58,60
6,8
72,79
26,31
11,13
194,197
6,8
25,39
9,12
44,51
259,263
153,159
2,5
128,135
22,24
0,6
1,3
20,24
9,11
0,4
23,25
5,7
141,147
2,9
192,199
26,33
40,47
7,12
18,20
3,5
2,6
53,57
16,18
26,28
15,21
25,30
5,11
5,7
89,91
126,133
59,65
62,68
31,37
23,28
17,19
6,8
17,19
26,32
61,63
314,329
18,20
17,23
44,46
51,58
355,365
67,76
111,115
9,17
238,245
31,33
18,24
18,20
10,12
18,20
127,134
12,14
131,139
61,63
164,167
32,34
102,109
12,14
96,99
48,50
55,60
8,15
178,182
66,69
64,69
91,106
11,17
146,157
48,55
246,251
68,75
27,35
59,61
0,7
48,54
101,108
71,73
34,36
37,42
7,9
0,3
98,104
6,8
10,12
100,105
14,16
58,69
18,23
23,28
37,44
135,137
53,60
53,64
15,22
33,39
209,211
0,2
20,25
31,33
3,10
184,188
18,20
0,3
6,13
6,8
16,21
7,9
7,9
64,69
8,10
7,11
361,363
2,8
0,11
139,146
115,123
8,13
54,69
13,15
7,9
0,6
224,231
6,8
12,14
53,56
8,10
8,10
93,94
27,29
42,44
17,19
61,68
128,134
3,5
6,12
50,57
89,96
207,220
4,10
125,131
119,123
17,19
19,21
167,172
34,40
55,57
17,19
78,85
0,2
8,10
8,10
45,51
29,31
10,12
3,5
48,50
6,8
20,31
34,40
209,220
7,9
41,45
36,37
184,189
72,79
27,34
38,46
10,12
10,12
79,87
140,147
63,65
124,135
40,47
9,16
12,17
22,29
13,27
14,21
21,23
32,37
70,72
124,129
2,9
7,9
0,8
33,35
25,32
53,55
54,56
107,114
221,227
8,10
8,10
0,4
8,10
6,8
29,36
44,46
58,60
14,16
162,168
27,34
6,12
4,10
23,28
10,17
13,17
10,12
7,9
6,8
23,25
136,142
0,11
13,19
8,10
6,8
0,2
89,91
8,13
94,101
32,34
59,70
31,37
6,8
291,295
5,11
54,60
7,9
20,26
8,13
15,21
13,15
136,139
12,14
6,20
339,346
56,63
4,8
33,35
19,21
3,5
138,145
96,102
88,90
20,25
0,6
242,248
39,41
54,66
99,104
4,6
81,88
122,128
59,70
17,24
71,73
24,29
18,21
44,50
208,215
147,154
7,12
92,94
115,126
116,120
146,158
10,12
14,16
6,8
6,8
40,48
331,338
107,109
85,91
13,17
0,7
95,98
81,83
38,40
43,49
352,357
23,28
58,73
29,39
40,42
10,12
55,61
104,111
4,10
10,16
210,217
34,41
66,73
79,81
8,10
140,147
172,179
246,261
25,28
140,142
155,157
55,62
165,169
106,112
203,211
53,58
20,22
5,11
115,117
130,135
58,60
11,13
128,130
44,51
8,10
101,112
320,328
2,7
139,143
21,28
40,46
17,19
160,171
80,82
71,78
8,10
0,2
12,14
52,67
16,31
21,26
57,64
20,25
0,2
6,8
49,51
19,24
15,22
2,14
16,22
36,38
156,161
154,157
86,88
7,12
52,59
20,22
30,32
6,8
160,171
103,122
6,11
131,138
455,457
7,9
5,10
23,27
34,36
31,33
109,111
95,106
116,122
17,22
62,68
211,219
33,39
34,41
6,12
220,227
8,10
0,3
130,132
122,128
92,96
65,71
250,256
16,18
38,43
8,10
17,19
0,3
159,164
54,60
13,20
47,51
89,100
298,310
29,31
65,67
29,31
67,69
144,149
42,44
15,20
22,24
45,56
135,137
8,10
173,180
50,56
0,2
35,40
21,25
59,67
40,42
18,20
97,103
145,156
39,41
7,9
101,107
7,9
32,34
91,93
10,12
18,30
7,13
7,12
15,19
51,57
7,11
155,166
276,278
2,4
15,21
22,24
6,8
124,131
241,248
57,59
191,198
13,15
176,183
39,43
16,19
46,51
151,158
8,16
212,218
122,129
17,19
0,3
7,14
10,12
6,8
34,40
11,13
63,68
62,69
13,15
40,47
89,92
19,22
6,8
146,148
33,38
8,10
64,70
17,20
0,12
32,34
58,60
22,24
12,14
8,18
207,218
255,261
11,17
334,344
4,6
7,9
19,30
68,70
138,149
93,100
82,88
7,9
18,28
151,158
156,163
44,46
6,8
7,9
10,12
10,12
8,10
57,59
0,2
21,26
0,6
23,26
182,184
8,10
24,30
7,12
7,18
108,116
8,10
10,12
0,12
150,156
177,187
63,72
23,43
7,15
12,23
53,68
41,47
210,217
25,34
87,89
239,246
59,62
10,12
62,69
189,191
107,112
84,87
16,23
107,109
0,3
44,50
12,14
8,10
7,11
13,18
23,25
22,29
129,136
14,18
35,41
29,37
12,14
127,133
17,19
61,63
5,7
45,51
8,17
143,145
188,195
150,156
11,16
159,161
162,168
51,58
12,14
94,99
12,19
258,273
5,12
59,64
72,79
6,8
12,14
10,12
218,224
280,286
10,14
40,42
60,65
11,17
23,29
32,38
22,28
29,35
212,216
94,101
22,24
41,48
2,6
49,54
41,48
5,9
22,28
8,10
20,26
6,12
43,51
12,14
125,128
50,55
89,97
15,30
45,47
41,43
33,43
8,13
91,97
7,9
93,100
51,54
0,7
18,26
8,10
40,42
39,44
13,15
106,113
37,39
6,8
6,12
28,32
43,51
45,48
8,10
218,233
0,6
29,31
6,8
27,29
59,66
44,49
43,46
6,8
6,8
184,189
47,54
0,7
12,19
39,44
51,53
170,178
111,123
11,14
70,72
2,4
10,12
7,9
6,8
32,39
10,12
9,11
24,26
46,48
34,36
28,33
2,9
35,42
75,82
148,150
2,9
18,20
242,257
89,96
151,157
202,207
10,12
16,22
45,52
28,33
14,16
153,155
91,96
0,5
8,10
62,68
11,15
5,16
10,14
46,53
2,7
13,15
146,152
11,17
18,25
98,103
181,188
66,74
2,4
8,14
98,104
29,31
186,197
18,21
2,7
12,14
119,127
6,12
125,128
15,23
53,55
14,16
315,321
16,21
160,167
10,12
22,27
87,93
18,24
6,11
100,111
6,8
7,10
53,58
79,82
70,72
2,4
86,88
12,14
5,7
14,17
98,109
2,4
0,12
6,12
81,89
75,82
66,74
152,154
127,132
120,126
48,50
0,6
112,118
26,28
108,114
18,20
6,8
213,220
8,10
76,78
6,8
7,13
0,3
80,89
119,130
239,255
174,185
107,116
8,10
86,88
138,141
60,62
130,136
79,85
151,163
44,50
2,4
11,17
67,74
18,20
10,12
23,25
147,157
15,21
64,70
4,7
6,8
33,39
0,9
7,9
78,83
8,16
7,19
0,5
28,33
99,106
25,27
7,12
22,24
0,3
31,35
219,226
52,58
0,9
14,21
50,52
10,12
108,115
2,5
0,6
133,137
52,54
99,101
29,31
76,78
13,15
113,118
10,12
0,2
93,100
8,10
23,29
8,10
0,2
58,61
0,2
125,127
33,40
133,141
0,7
262,265
231,239
0,10
82,89
267,278
28,30
6,12
5,7
142,147
20,22
105,109
82,89
6,12
0,2
29,34
6,8
104,106
46,51
153,156
28,33
36,40
7,9
127,142
47,49
107,109
11,13
33,38
63,70
114,118
0,2
23,25
6,8
10,12
16,21
12,14
21,24
15,21
143,154
58,62
79,86
10,12
6,8
51,58
10,12
16,22
20,29
82,94
126,128
348,363
8,15
23,27
91,97
101,107
170,179
81,87
77,84
0,7
0,12
45,47
15,22
0,2
82,87
74,81
7,9
248,263
12,16
105,107
5,7
87,93
106,113
0,3
6,8
15,16
147,154
5,7
5,7
46,48
32,34
43,50
250,256
8,10
72,79
145,154
29,31
81,83
6,8
109,116
120,123
54,60
22,24
12,14
202,208
7,9
21,27
16,18
8,10
62,64
75,79
93,95
133,140
172,174
8,10
73,80
299,310
75,82
107,109
37,39
39,41
36,38
8,10
181,188
0,11
0,3
48,54
27,38
6,8
198,204
8,17
0,7
27,29
15,17
135,139
7,9
118,129
6,8
10,12
147,154
58,64
38,40
6,8
8,10
7,9
87,93
19,21
39,46
111,122
141,143
70,77
7,12
6,8
41,43
290,292
177,188
42,44
8,10
87,92
0,7
5,10
110,112
131,136
6,8
144,151
113,115
20,25
2,5
19,24
39,46
43,49
36,43
8,10
10,12
8,10
31,33
30,35
93,100
377,392
0,3
10,12
96,103
104,109
122,128
23,27
47,51
68,76
79,85
0,6
177,183
35,37
0,11
19,21
33,40
269,274
8,10
107,113
14,16
58,61
126,133
159,161
46,53
77,81
49,51
2,7
49,61
0,8
14,16
296,300
7,12
53,56
0,11
190,194
228,230
2,4
7,9
88,94
8,13
17,24
6,10
192,199
217,222
22,28
23,29
0,6
12,14
28,30
2,7
428,440
28,35
22,24
30,36
16,23
64,70
8,10
0,7
0,6
58,65
16,19
127,129
51,56
22,28
6,8
79,86
51,58
246,256
297,307
167,169
60,62
2,7
74,81
23,26
0,6
20,25
23,25
37,39
62,64
16,23
14,19
28,30
0,5
94,99
66,72
6,8
8,10
12,14
182,186
88,90
202,208
71,76
109,116
82,88
12,15
189,196
7,14
110,115
6,8
2,7
0,6
106,113
54,56
28,34
8,10
60,67
214,221
7,9
0,6
224,231
86,88
35,37
14,16
62,66
49,51
199,206
101,103
106,108
5,7
64,71
31,33
33,35
36,42
218,226
153,160
89,96
99,105
149,156
7,9
7,9
31,39
20,24
15,19
0,7
201,206
105,108
83,89
25,30
37,39
23,29
205,213
7,9
60,67
0,12
31,43
7,9
36,43
7,9
49,55
3,5
55,61
238,246
59,64
21,27
31,33
24,26
20,35
25,30
29,41
9,12
271,277
11,15
43,45
42,49
6,7
0,4
7,9
100,106
7,9
11,15
39,41
163,169
23,26
54,60
90,97
94,100
38,40
84,90
6,8
6,10
10,12
52,58
15,19
158,160
98,106
83,98
58,62
7,9
6,8
50,55
8,13
100,106
79,87
0,11
33,39
133,136
24,26
65,68
7,9
4,10
11,13
32,37
135,146
163,169
6,11
171,180
22,27
17,19
140,146
6,8
15,20
83,85
168,175
17,19
79,86
22,33
25,27
265,270
181,188
2,7
34,43
20,27
8,10
28,30
181,188
264,269
134,141
127,137
8,10
88,90
69,72
107,113
151,157
24,31
103,110
23,25
67,69
37,45
10,16
75,81
128,134
53,64
0,2
62,65
35,37
77,88
6,11
0,7
73,79
22,27
47,50
27,32
280,291
18,20
9,11
13,15
194,200
98,100
119,124
19,21
17,19
63,72
15,22
6,8
10,12
0,2
19,21
84,86
33,35
148,151
6,8
23,27
0,6
121,128
24,26
25,27
11,16
0,2
2,6
21,23
20,22
30,36
69,77
114,116
20,22
16,22
5,7
59,66
26,28
21,27
16,18
13,15
8,10
70,73
7,9
215,222
310,315
10,12
100,102
9,11
101,105
7,12
18,22
7,12
24,26
56,61
8,10
5,8
65,80
10,12
18,20
44,46
67,73
0,7
66,73
137,144
128,135
0,6
0,5
29,31
7,9
24,29
0,6
6,12
28,30
69,71
7,9
10,12
0,2
32,34
132,138
24,26
158,165
270,272
79,86
8,10
167,173
100,109
7,15
110,112
57,59
19,21
48,50
32,39
211,215
12,17
8,10
20,31
87,89
98,107
33,38
53,55
6,8
34,40
18,30
23,28
103,115
66,72
54,65
24,26
88,90
157,164
115,130
10,12
0,3
31,33
4,10
0,6
21,23
84,95
6,8
246,253
12,14
120,126
6,12
0,2
25,27
158,162
6,8
179,181
76,83
8,17
125,127
29,31
6,8
15,22
7,10
57,64
219,226
59,61
5,9
246,252
16,21
15,17
129,136
136,143
6,8
7,9
22,27
18,22
53,62
56,63
72,79
9,11
29,36
84,91
20,22
5,7
105,108
2,7
103,110
33,39
188,190
116,123
12,14
11,23
110,115
13,15
0,7
57,63
78,81
27,31
11,21
199,209
80,82
76,78
35,37
9,15
56,64
31,38
19,21
7,9
37,44
11,15
207,209
101,107
8,10
19,26
25,27
50,62
0,6
33,38
42,44
50,56
3,5
106,108
6,8
7,9
26,28
0,3
39,44
40,46
93,95
24,30
5,16
23,35
0,6
10,17
34,39
18,20
97,105
154,160
13,18
24,31
219,229
29,31
96,103
6,8
14,16
29,31
25,27
12,14
7,9
25,27
6,8
110,116
172,174
107,113
27,32
37,42
102,104
27,29
252,257
0,12
20,22
5,7
38,44
2,6
103,110
0,7
278,285
30,37
24,26
30,37
149,156
214,217
21,23
14,16
8,10
0,5
53,58
140,155
128,130
15,17
5,7
162,167
8,10
54,56
85,90
95,100
102,109
14,16
137,139
5,7
134,140
5,8
74,85
8,10
88,90
20,25
29,32
34,41
18,20
8,10
98,104
142,144
5,7
71,78
8,10
0,7
119,130
125,136
31,33
0,6
9,11
189,195
276,283
7,10
2,8
19,21
2,7
17,19
267,273
45,47
45,50
0,8
49,55
8,15
26,28
2,5
75,82
10,15
330,332
42,44
0,5
8,10
12,16
127,138
55,65
8,10
11,16
27,29
7,12
134,136
98,105
8,10
118,125
7,9
76,82
68,82
10,12
90,94
46,53
14,24
0,3
31,35
188,199
136,141
56,63
160,169
148,154
10,15
0,2
13,16
393,408
13,19
103,105
0,4
37,42
272,274
18,21
68,78
212,222
11,16
28,30
78,84
108,115
25,27
6,8
87,89
65,71
16,18
36,38
342,346
12,14
6,12
12,14
6,8
6,8
13,18
36,38
10,12
87,94
6,8
21,23
0,8
66,73
128,134
99,101
41,43
311,318
81,87
85,92
202,208
80,90
37,42
3,5
6,8
25,27
12,17
0,3
223,231
345,353
88,93
16,21
8,10
16,18
2,9
130,137
10,12
93,95
33,40
5,7
8,12
9,15
21,23
63,69
5,10
54,56
18,24
7,14
63,72
8,10
14,19
15,17
142,148
31,43
50,57
40,47
8,15
166,169
52,54
86,91
20,22
30,35
10,16
8,14
10,12
7,10
52,58
6,12
103,109
85,87
0,5
15,22
7,9
238,250
56,58
102,105
276,281
210,216
321,328
211,218
41,44
28,34
61,65
81,88
9,11
262,268
222,224
33,40
65,70
0,2
117,122
0,5
192,203
118,129
104,119
39,41
8,10
133,138
25,27
91,93
181,188
8,10
17,19
79,85
3,5
29,31
109,115
101,108
64,66
0,2
9,18
118,125
192,197
9,11
95,101
24,26
37,44
8,14
12,24
0,8
98,106
69,75
7,9
13,15
6,8
33,40
155,157
33,35
12,14
10,12
81,87
6,8
13,16
16,23
68,74
26,28
84,89
98,103
5,7
12,19
41,48
50,52
11,14
29,32
0,6
57,64
83,89
76,80
76,82
6,12
108,111
112,122
7,9
6,12
27,29
103,111
59,61
10,17
79,85
85,92
54,59
99,101
64,66
3,8
112,119
8,11
85,91
14,16
64,75
71,75
8,13
151,157
82,87
151,163
40,42
3,8
145,160
5,7
18,22
4,6
199,203
225,232
18,23
11,13
44,46
94,101
160,178
0,11
45,56
114,118
12,14
87,92
97,102
56,58
19,21
31,37
44,50
75,82
59,66
58,65
30,32
189,195
151,158
51,56
34,45
17,23
26,28
47,57
7,9
229,241
162,168
119,124
94,96
6,8
187,193
6,8
192,198
61,65
0,4
26,28
126,129
46,48
125,131
8,10
130,132
132,139
10,12
16,21
43,48
23,25
24,33
19,21
28,30
58,60
276,282
7,15
27,32
17,23
226,234
98,104
6,8
98,100
4,10
4,9
8,10
4,10
0,10
27,33
0,6
20,22
54,56
17,23
7,14
32,36
72,74
2,9
67,69
21,27
184,189
48,55
49,60
108,115
71,78
56,58
169,180
70,74
239,246
161,168
42,47
94,100
6,8
57,64
2,9
6,8
47,52
67,72
199,207
150,157
8,10
2,5
76,83
6,8
47,49
24,26
108,114
55,58
9,14
13,15
25,33
0,3
2,5
19,21
10,12
29,31
89,96
169,177
17,19
122,130
35,42
97,101
305,310
54,59
15,17
171,173
67,76
125,132
75,77
153,162
23,33
11,17
84,89
7,12
6,8
7,9
10,12
39,41
6,8
63,78
5,7
28,30
143,150
11,13
8,10
11,13
88,95
15,17
30,32
90,95
162,166
69,71
89,91
113,120
68,74
49,55
6,8
38,40
38,40
173,180
0,5
29,31
48,50
20,25
45,52
43,45
296,298
218,225
141,145
77,79
97,104
344,351
255,261
19,25
44,51
63,66
419,425
5,12
71,76
102,108
170,173
36,38
113,118
222,237
41,47
0,6
23,30
6,8
8,10
23,26
99,105
341,349
17,19
103,108
67,71
51,53
19,21
62,64
13,18
151,161
29,41
20,22
83,90
17,22
27,38
25,29
66,70
143,152
0,5
29,36
56,61
122,129
145,152
84,86
104,111
28,30
79,81
12,14
20,23
111,113
12,14
7,12
0,5
13,28
2,5
132,139
39,41
38,40
2,9
23,25
31,33
34,37
14,16
93,105
75,80
34,39
2,8
8,10
77,81
33,38
11,17
145,152
143,149
14,16
61,71
35,42
38,40
11,13
49,55
267,276
19,21
11,16
2,5
7,9
18,20
10,15
211,219
52,58
98,105
86,89
72,77
20,31
6,8
76,85
39,41
26,32
62,65
110,114
96,102
184,188
197,204
8,10
0,6
31,37
8,10
457,464
153,160
37,46
62,64
14,16
144,146
20,22
6,8
14,16
91,93
92,99
44,46
200,203
142,147
258,263
23,25
18,20
71,78
45,51
6,8
96,103
0,5
23,25
111,117
5,7
64,69
115,123
0,3
5,7
52,60
6,8
140,151
6,8
48,50
17,23
6,13
97,103
130,137
3,8
35,42
14,23
7,9
38,40
171,178
80,85
13,18
47,49
5,16
25,30
6,8
211,214
164,170
20,27
18,20
124,137
61,63
60,62
131,137
47,53
87,93
19,22
41,52
110,117
61,63
36,43
8,10
46,50
22,24
11,16
53,55
191,196
46,54
26,28
6,12
29,31
180,184
88,90
121,127
87,93
0,14
5,12
56,63
71,73
27,29
6,8
7,10
147,149
100,111
139,141
136,143
43,50
86,91
36,42
7,9
265,273
23,30
8,10
14,19
45,47
53,60
10,15
18,26
31,33
18,29
26,33
20,25
0,12
7,9
9,11
14,19
0,2
20,22
164,175
21,28
12,14
9,14
36,42
19,21
71,76
5,7
28,33
29,37
110,112
149,154
29,31
6,8
124,134
74,83
16,31
11,14
95,110
38,42
133,137
25,33
25,31
10,12
41,48
38,40
155,162
138,143
8,10
31,33
13,15
181,188
3,5
58,60
41,43
72,78
8,10
74,81
228,234
28,33
172,174
162,167
31,37
0,6
66,68
0,8
7,9
12,14
50,52
29,31
8,10
43,49
11,14
19,25
19,21
44,51
2,11
15,17
52,59
45,47
18,25
89,96
41,47
31,33
42,48
36,43
8,10
19,24
18,22
23,30
9,11
43,51
41,44
129,136
43,48
146,152
261,267
219,224
11,16
9,11
63,65
51,53
128,135
71,74
8,10
118,124
113,115
115,125
2,8
0,3
37,44
21,23
49,55
34,36
69,71
7,14
80,82
59,66
0,3
17,19
10,12
69,71
0,12
60,69
32,38
12,14
79,81
5,12
94,102
102,109
155,159
5,12
25,27
7,9
139,143
8,10
6,8
52,59
45,50
12,14
6,8
12,14
0,2
12,14
62,68
4,9
124,128
12,18
139,147
82,90
21,26
205,212
6,8
28,39
2,5
21,27
0,13
34,36
12,14
13,18
22,28
7,9
14,20
12,14
7,18
66,68
60,66
66,70
5,11
6,8
7,12
83,88
38,40
32,34
2,4
20,22
13,19
15,17
23,38
46,53
136,143
249,255
15,20
115,117
51,63
26,28
57,59
24,32
178,189
10,12
237,243
40,47
111,119
7,11
8,10
23,29
154,161
21,26
30,35
25,27
23,25
12,14
103,114
8,10
11,13
20,25
8,10
7,9
184,194
0,15
24,28
21,23
0,6
196,202
43,51
11,18
21,23
6,8
6,8
23,25
69,76
160,167
161,165
24,29
7,9
219,225
207,214
34,41
59,70
41,43
6,8
40,44
129,135
64,70
103,109
0,6
8,10
67,74
0,6
79,85
81,83
117,123
189,200
19,25
158,165
8,17
28,33
93,95
0,3
76,78
107,117
6,8
45,52
0,10
6,8
122,129
14,16
2,7
23,25
43,45
8,10
125,131
256,260
248,254
33,35
13,18
98,100
80,86
143,145
16,18
102,109
101,105
35,42
34,41
76,82
129,135
10,17
8,10
79,84
2,7
17,19
14,29
67,73
65,72
50,52
155,162
29,31
10,18
50,57
8,10
99,106
70,72
0,6
27,34
180,187
127,134
149,159
15,26
72,78
196,200
320,327
60,71
126,131
5,7
37,39
269,275
8,10
131,133
73,78
13,15
45,48
74,76
8,10
118,124
52,59
0,5
370,377
0,3
43,47
25,27
19,24
0,6
18,21
19,26
70,77
7,15
112,121
58,65
6,8
335,341
57,61
26,30
8,10
41,43
7,13
111,114
198,203
152,163
0,3
219,230
28,32
63,65
204,211
52,58
285,291
16,18
23,28
17,24
6,8
231,236
8,10
9,12
0,6
17,23
5,8
12,17
7,12
8,10
118,120
188,195
46,48
45,47
7,9
28,31
275,282
25,27
10,12
8,10
27,29
52,59
116,122
67,72
302,308
127,139
333,335
11,13
0,5
30,37
8,11
70,77
64,70
5,11
6,8
16,22
33,40
254,256
90,94
7,13
132,136
50,55
7,9
0,11
51,58
114,125
6,8
25,28
0,7
151,155
73,75
8,10
150,164
62,69
41,43
192,194
4,10
7,10
10,15
25,30
40,44
6,8
6,8
22,27
71,78
17,24
8,10
66,72
31,38
6,8
69,71
67,69
48,50
276,282
332,347
6,8
141,145
26,34
12,14
5,7
77,79
34,36
7,9
51,59
95,102
77,84
15,20
164,171
23,25
25,27
30,37
115,117
249,255
2,5
15,17
55,69
48,55
37,39
229,240
10,12
12,19
0,5
80,89
59,66
32,34
134,142
138,145
51,58
20,26
106,113
25,27
0,11
0,3
106,117
40,42
65,77
30,36
52,58
9,19
6,13
77,85
89,91
147,150
6,8
45,52
176,182
29,33
136,141
19,25
8,10
11,13
8,10
2,5
7,9
15,17
72,74
82,92
50,52
185,192
195,201
101,106
121,127
24,31
10,12
131,141
2,6
184,190
129,135
6,8
53,55
25,37
96,101
127,132
53,55
12,14
140,147
0,6
133,135
191,197
26,28
7,9
0,6
12,17
0,3
8,10
184,190
159,165
125,140
204,214
210,216
4,9
159,166
15,17
2,9
8,10
2,4
12,14
33,35
19,24
8,23
58,64
10,12
2,4
0,3
79,87
52,59
95,101
124,126
12,14
66,73
114,118
21,27
69,71
26,28
44,49
42,44
30,32
17,22
37,42
156,163
7,9
5,14
3,9
45,47
350,365
37,39
196,203
20,22
15,17
12,21
28,30
133,140
29,35
39,44
38,47
8,10
17,23
170,178
40,42
16,23
100,105
52,59
26,32
27,32
0,3
173,180
76,78
117,126
35,37
133,137
12,17
13,16
7,9
193,198
46,50
90,93
78,88
56,61
12,14
4,9
6,8
56,58
14,16
21,32
150,156
39,50
24,26
15,23
56,63
77,80
59,62
23,25
13,15
94,100
76,81
65,70
7,9
40,42
61,68
41,43
0,5
255,260
6,8
5,7
37,39
21,26
36,43
24,29
10,17
32,34
55,61
7,9
89,96
7,12
6,9
39,41
80,85
5,6
13,15
155,162
28,30
28,35
17,20
19,26
2,9
26,28
81,88
7,18
181,186
42,49
76,80
8,10
5,12
347,352
12,17
120,122
6,8
71,74
147,149
4,6
40,47
3,5
12,14
91,102
19,26
10,12
144,151
7,9
7,9
94,102
10,14
32,38
62,68
38,44
0,6
121,131
92,98
6,8
97,99
108,111
54,61
25,27
29,35
32,37
91,96
82,88
55,66
59,64
103,109
32,38
145,152
253,255
6,8
8,10
13,18
42,47
320,327
204,214
43,49
82,89
30,37
17,19
15,22
99,103
2,9
10,15
73,80
8,12
7,9
10,12
217,221
26,28
317,332
24,26
134,144
4,10
303,308
9,11
0,3
8,10
294,302
90,92
262,266
49,55
46,53
180,187
350,361
93,101
8,10
18,20
6,8
8,10
83,85
38,41
94,100
38,43
85,91
6,8
239,254
13,15
64,74
36,40
63,69
6,12
31,36
43,52
7,13
13,18
74,76
114,119
16,19
185,187
106,112
442,448
57,59
77,92
109,116
26,28
28,30
147,149
90,97
336,340
9,11
61,69
23,30
0,3
7,9
32,39
73,79
104,106
61,63
119,125
119,126
187,193
13,15
34,36
45,47
49,54
15,20
53,60
5,7
340,355
8,14
17,22
18,24
24,26
59,61
87,98
49,64
26,31
8,10
16,21
77,84
69,77
232,241
44,52
0,4
21,23
13,15
16,24
10,12
3,5
36,43
140,146
55,57
29,31
30,32
14,16
276,282
12,14
0,11
8,10
79,81
8,10
8,10
78,80
25,30
7,12
24,26
114,120
33,38
41,43
22,29
51,56
51,53
6,11
140,146
0,6
194,207
234,241
44,46
12,24
28,30
17,19
152,157
7,19
316,322
72,76
14,19
27,29
73,88
77,84
7,9
10,25
6,8
61,66
36,38
8,10
7,9
10,12
12,14
31,38
14,16
102,108
35,42
11,22
0,3
7,11
6,8
166,168
65,67
30,32
89,96
25,33
22,24
64,71
40,47
0,2
24,26
12,19
0,6
5,12
7,9
10,13
6,8
15,17
225,231
14,16
45,52
98,105
112,119
48,55
0,2
22,24
21,23
96,102
6,8
34,36
10,12
92,97
20,22
20,22
164,171
201,209
8,10
392,399
0,6
24,32
7,9
46,51
54,59
74,81
25,27
115,129
6,8
141,149
51,58
106,113
0,3
42,44
7,9
60,68
134,139
9,12
12,18
38,40
80,88
61,66
7,9
139,154
12,14
26,33
44,60
7,14
3,5
0,6
8,10
139,141
0,12
59,62
38,41
11,14
34,49
152,159
236,251
171,175
0,8
8,10
6,8
12,14
209,212
7,9
6,8
19,22
52,57
142,147
118,125
0,6
21,26
7,12
12,19
30,32
111,117
45,47
19,21
5,7
4,10
6,8
53,59
159,167
119,130
18,23
39,41
132,137
146,153
192,198
30,32
71,77
19,22
15,17
7,13
2,6
56,63
32,37
7,9
98,105
182,188
13,19
92,99
219,223
25,29
23,31
0,6
28,30
2,5
54,59
34,39
0,4
51,58
32,37
59,61
32,36
82,84
10,21
20,22
2,11
13,15
34,36
7,9
35,46
6,8
140,142
6,8
0,4
78,83
14,16
33,38
7,12
49,56
7,9
44,46
2,4
296,298
34,40
159,170
83,85
71,73
0,11
285,296
27,30
17,19
21,24
17,19
129,140
14,16
44,49
9,15
166,176
75,77
0,11
12,15
8,15
0,3
0,5
144,148
68,75
16,21
29,34
96,98
46,57
12,14
50,57
16,18
6,8
2,9
5,10
0,12
8,14
8,10
10,12
0,8
13,24
8,10
16,18
11,13
51,54
8,10
34,40
84,90
8,14
74,81
64,66
55,62
17,19
49,62
19,21
95,102
42,46
126,132
57,62
2,5
13,15
6,17
80,84
13,15
37,39
50,54
71,78
8,10
26,32
7,9
6,8
6,8
0,4
61,66
19,22
44,60
0,7
41,50
38,43
243,252
54,56
68,75
59,65
21,29
27,29
13,15
70,77
39,44
66,68
14,20
9,11
32,38
66,77
12,19
7,9
14,16
3,8
38,40
56,61
0,12
75,77
6,8
11,15
154,159
56,61
67,73
5,8
2,7
2,9
211,216
22,24
25,28
157,168
14,18
8,10
117,124
120,130
21,26
2,4
108,114
10,15
71,78
34,36
24,26
66,73
45,49
10,12
65,72
205,207
6,8
8,10
36,44
299,310
71,77
27,32
51,62
26,28
72,77
18,23
52,58
20,28
0,2
70,73
6,8
16,21
0,7
117,124
7,9
309,317
6,8
6,12
69,76
88,92
2,8
68,73
21,23
53,55
204,217
7,10
154,165
51,63
233,241
35,37
44,46
6,8
42,46
105,111
264,274
6,8
30,37
6,8
36,43
74,79
40,42
23,29
59,73
168,175
44,51
353,355
75,86
8,10
6,8
2,9
33,38
15,17
91,98
0,14
0,3
10,21
15,17
155,161
5,10
50,52
12,15
4,9
34,36
52,59
0,5
17,19
2,5
6,8
10,12
6,12
133,138
82,84
7,9
127,134
184,191
175,177
183,198
17,19
2,7
254,260
5,7
221,227
2,8
12,15
20,25
6,10
110,120
48,55
122,129
58,63
74,80
86,98
68,75
16,21
40,47
10,17
215,221
81,84
78,85
73,80
15,17
16,18
125,132
6,8
26,28
11,17
8,11
121,128
227,233
245,251
62,69
7,9
79,84
129,131
61,72
56,58
0,6
70,82
17,23
7,10
77,87
71,78
84,86
106,114
55,61
15,17
44,50
12,14
7,9
8,10
153,160
6,8
19,30
32,39
13,18
66,68
113,123
16,18
50,53
91,95
16,23
6,11
32,39
0,6
117,126
2,5
0,3
10,12
31,33
99,101
59,65
75,77
37,45
23,30
6,8
7,10
11,16
227,234
227,234
24,29
6,8
23,25
8,10
8,13
9,12
23,25
118,126
6,8
10,12
7,9
47,49
0,6
19,24
40,42
98,106
63,73
28,30
96,102
15,21
344,346
18,34
36,43
58,65
10,12
58,65
286,293
13,18
3,5
6,8
8,10
54,56
2,7
45,50
7,13
53,55
124,126
167,175
23,28
128,134
37,39
135,142
32,34
32,40
6,8
156,163
19,24
6,8
0,3
119,127
19,24
33,35
37,39
0,3
51,57
59,61
38,44
168,175
7,9
15,17
5,7
47,55
6,15
27,29
83,88
79,86
207,212
133,135
5,7
98,103
33,38
6,8
0,2
95,102
7,10
19,25
6,13
2,8
26,28
70,72
50,56
39,46
6,8
9,17
5,7
5,10
209,216
8,10
46,52
103,109
39,45
130,138
31,38
2,4
136,151
31,33
326,328
33,41
7,9
8,10
15,21
26,31
77,83
2,7
132,140
83,85
40,42
13,16
14,20
68,75
198,205
0,5
176,191
70,72
75,77
10,12
0,2
26,30
27,32
89,97
35,40
39,54
59,67
18,20
77,87
5,11
24,30
42,44
58,65
22,29
5,12
35,37
2,9
28,38
14,18
0,6
35,42
12,16
8,10
17,19
21,23
94,101
29,31
79,81
47,49
68,70
73,77
8,10
12,14
3,9
31,37
86,93
0,3
8,10
24,26
23,25
34,36
57,68
47,55
61,67
70,76
40,46
17,22
13,15
90,96
4,6
271,276
38,43
66,73
21,23
20,27
342,357
11,13
64,66
163,168
125,131
9,12
27,29
0,6
2,7
110,112
24,26
7,9
17,22
82,84
10,14
104,111
325,335
2,4
119,129
21,23
136,143
44,49
57,64
195,210
79,84
64,75
136,147
9,15
16,21
79,81
5,22
12,19
28,34
23,25
9,14
8,10
126,131
0,3
0,6
13,15
8,10
190,199
114,121
2,14
31,33
257,259
0,6
10,14
34,37
164,168
54,61
136,142
10,17
196,199
115,120
7,9
37,44
19,21
53,55
6,12
104,111
54,56
19,24
39,44
20,22
7,10
21,26
78,85
181,187
45,51
32,34
60,67
27,30
6,17
0,3
269,279
0,3
298,310
41,43
0,4
0,2
47,49
84,89
75,89
7,11
117,121
56,58
10,12
77,84
113,125
163,169
34,36
8,10
150,157
23,29
92,98
279,286
113,115
14,16
8,14
7,9
45,47
72,74
117,125
236,243
27,32
97,99
15,17
47,54
63,70
13,20
24,26
105,107
27,34
181,186
46,60
2,5
55,58
68,74
89,96
26,31
40,42
9,11
51,59
0,3
126,128
28,30
44,46
41,43
70,72
22,28
118,121
59,65
11,18
0,2
138,142
148,150
60,68
46,56
86,88
263,269
4,9
148,150
318,327
50,55
81,87
171,176
9,21
12,14
8,10
19,21
17,19
414,420
124,135
305,320
76,84
24,30
208,215
64,71
20,31
8,10
78,85
0,6
26,31
141,143
148,154
32,38
13,15
307,309
13,20
26,32
60,62
0,3
42,47
22,24
35,42
17,19
68,72
98,103
7,18
91,93
41,43
40,51
54,60
55,61
137,144
23,25
9,14
8,11
219,225
139,141
127,129
8,10
53,55
66,68
16,18
109,116
7,14
39,41
8,10
63,65
4,6
33,38
67,72
2,6
7,13
8,14
21,26
60,67
37,44
42,49
26,28
72,74
139,150
91,102
32,38
85,87
62,64
52,55
43,45
106,114
33,36
77,89
41,43
150,160
87,91
44,46
17,27
37,39
68,70
106,108
36,45
30,32
14,16
8,10
0,4
3,5
52,59
20,22
6,12
37,41
159,164
54,61
71,73
5,17
51,53
8,10
0,2
20,27
50,55
7,9
123,130
54,60
40,52
37,39
51,57
13,19
7,9
33,48
96,103
193,196
50,56
7,10
60,63
22,28
76,79
69,71
16,18
338,345
8,19
27,32
15,22
12,14
13,15
35,37
55,62
196,202
183,194
0,11
7,9
245,251
93,103
10,12
31,33
10,12
0,12
154,160
7,9
14,29
57,61
36,42
261,269
45,52
54,56
114,120
47,54
6,8
9,11
38,40
5,12
38,40
0,4
93,95
26,28
8,10
124,130
7,12
23,25
101,103
76,83
36,43
9,16
6,8
13,21
28,33
249,256
12,14
202,204
8,12
7,9
2,8
86,93
30,36
8,15
252,256
38,48
29,31
113,120
6,8
103,105
138,143
34,36
47,54
102,110
12,14
30,32
0,3
87,95
6,8
70,72
105,110
23,25
8,10
36,47
52,58
38,49
9,11
10,12
25,30
12,18
14,16
102,104
20,22
39,41
65,72
12,21
7,11
23,29
205,207
0,13
52,54
67,73
6,8
6,8
72,79
18,20
57,68
45,51
2,5
10,12
8,14
10,12
33,37
83,89
140,146
17,24
53,57
94,99
6,8
64,75
8,10
32,34
28,34
75,86
30,32
8,10
54,58
18,20
6,8
249,256
65,67
32,39
2,7
7,9
29,36
5,16
2,7
34,41
9,11
14,16
192,204
8,10
10,12
8,10
21,23
9,13
17,19
14,22
100,102
144,151
164,171
85,87
109,115
18,20
16,18
81,86
158,164
176,178
79,81
13,15
31,36
6,8
8,10
14,16
97,99
278,287
0,6
19,26
36,40
9,11
46,49
126,132
49,55
8,10
23,25
150,157
37,39
81,86
39,45
21,26
14,19
113,120
16,23
315,326
64,71
0,3
13,17
53,58
10,12
59,69
24,29
20,27
80,91
0,11
15,20
102,113
36,38
0,2
0,5
5,7
126,128
63,69
64,72
154,165
10,12
65,69
6,8
59,64
0,3
2,4
93,100
7,13
8,10
18,20
12,14
47,54
11,14
7,11
77,83
51,53
10,12
97,105
138,144
4,9
7,13
33,37
61,67
25,27
37,43
6,8
89,91
16,18
55,61
14,21
20,27
51,55
9,15
64,67
99,101
0,2
12,14
0,4
95,102
0,5
71,77
156,163
7,14
102,108
8,10
0,3
142,144
27,29
33,35
44,50
7,11
107,112
46,48
199,204
104,106
67,69
223,229
80,85
195,201
29,31
7,12
123,129
42,44
8,10
11,13
56,66
34,36
14,20
127,134
12,17
176,182
230,236
66,68
34,40
6,8
100,102
64,71
27,33
85,93
12,14
28,35
11,13
8,10
35,47
52,54
16,18
8,19
7,19
4,16
47,54
38,53
53,59
109,112
20,22
6,8
115,126
31,34
13,15
13,21
108,114
17,25
107,111
8,10
25,27
20,22
87,98
39,43
6,12
10,12
2,4
25,32
28,30
10,12
38,42
8,10
17,28
11,13
70,72
22,24
28,35
198,205
33,39
230,234
4,6
77,79
39,41
38,43
6,12
107,118
24,27
12,19
10,15
34,40
191,197
11,17
48,50
57,59
22,24
16,22
8,10
28,33
89,99
126,137
2,4
22,29
11,13
0,6
10,12
43,49
22,24
90,97
36,38
68,73
5,10
118,122
186,188
6,8
0,8
161,172
10,13
17,22
4,19
8,10
43,49
141,146
23,25
15,17
3,5
115,121
8,10
10,12
6,9
8,10
6,12
35,45
75,77
0,5
45,52
48,58
195,201
162,164
34,36
0,6
82,90
25,30
17,24
0,8
104,106
18,20
66,74
135,142
55,61
169,175
10,16
69,78
8,10
168,172
19,21
75,81
0,3
8,10
7,9
8,10
50,55
33,38
253,260
182,185
103,109
145,150
6,8
30,37
6,8
8,10
44,46
2,4
8,15
109,111
8,14
172,174
48,55
64,69
57,59
135,142
14,22
95,99
2,4
7,10
15,17
18,20
8,10
31,36
8,10
149,157
44,46
134,140
19,21
126,130
32,34
77,81
126,132
25,27
57,68
22,24
6,8
60,67
34,36
196,201
7,22
202,206
0,3
36,41
47,53
10,12
161,167
119,125
6,11
51,55
37,39
123,128
13,19
9,15
33,35
5,10
2,5
53,60
12,19
53,55
7,9
0,2
38,40
8,10
14,16
2,10
17,24
174,185
57,59
0,6
38,40
7,12
48,55
0,5
22,25
7,12
0,11
56,61
20,26
10,12
23,28
11,21
13,15
0,5
34,36
54,56
13,15
124,131
0,6
23,29
2,4
267,272
18,20
12,14
28,30
5,7
11,16
79,85
7,9
6,13
6,11
6,9
77,84
6,8
15,17
8,10
221,228
57,64
66,73
38,49
6,8
8,10
8,10
195,197
4,6
74,81
0,5
241,247
45,52
5,7
44,46
10,12
138,148
10,12
2,5
27,31
14,20
127,129
44,51
11,16
61,68
7,9
7,13
8,10
89,91
16,23
7,9
72,74
8,10
16,18
41,46
34,36
16,21
146,151
24,27
5,7
6,8
17,19
184,194
0,12
51,53
8,10
71,73
24,26
21,23
8,10
212,219
6,8
8,10
13,15
411,417
298,304
240,251
112,118
0,6
6,8
49,56
156,163
28,33
2,4
22,24
6,8
37,45
0,11
73,75
106,108
284,289
2,4
9,15
116,127
87,89
109,114
52,58
5,7
8,14
17,22
8,10
87,94
50,52
29,31
44,49
106,112
47,53
252,258
93,98
20,22
196,198
6,8
7,15
54,60
52,54
162,164
21,23
90,92
8,10
28,34
47,49
2,5
0,3
32,38
13,24
65,67
140,147
177,192
19,21
2,7
3,5
6,9
161,168
48,50
0,7
66,73
26,28
12,14
12,19
34,36
24,31
6,8
106,112
39,46
38,40
10,12
12,17
23,25
16,18
18,20
42,44
15,21
45,56
26,28
247,252
76,78
4,10
150,156
8,16
8,10
32,34
5,14
6,8
87,89
30,35
119,125
465,473
6,8
11,13
63,78
197,199
16,18
8,10
20,32
63,68
16,21
28,33
25,27
25,29
123,130
25,31
28,30
148,150
41,48
0,3
258,265
89,96
91,93
2,10
27,29
71,73
6,8
6,8
15,28
9,11
39,42
130,136
61,66
75,79
7,14
322,326
133,135
8,10
72,79
147,150
10,12
71,78
7,10
202,209
41,45
2,4
20,22
227,229
8,10
20,22
25,36
240,247
0,3
0,7
7,10
9,12
39,41
0,6
190,192
28,30
67,69
14,19
20,22
33,38
2,8
64,69
171,182
59,61
0,5
15,17
8,10
204,213
22,27
39,46
15,17
2,5
6,8
6,12
42,44
13,15
59,64
6,8
37,39
0,3
77,87
24,26
15,19
70,77
68,70
7,19
130,135
145,149
21,27
43,45
73,79
2,5
172,174
43,48
12,14
13,15
7,14
121,128
12,15
110,117
26,32
5,7
5,7
153,162
79,87
2,4
90,97
12,15
44,46
7,9
28,30
247,254
12,15
69,74
6,8
41,44
20,23
272,274
119,127
75,82
41,48
14,16
11,26
54,61
14,16
0,12
183,188
22,24
166,171
7,9
89,97
7,9
7,13
6,8
124,131
30,37
69,75
43,48
12,14
60,67
7,13
83,85
36,38
42,47
37,44
318,326
6,8
89,95
8,10
196,200
5,14
5,11
31,33
33,35
10,12
8,10
134,136
109,115
54,60
27,29
175,183
15,17
19,21
10,12
51,55
18,24
12,18
111,117
147,149
12,14
18,20
0,2
159,166
38,45
6,8
44,51
193,201
116,118
34,36
50,55
171,178
5,7
8,10
100,106
5,7
61,66
8,10
38,45
60,64
171,176
194,200
11,15
127,132
0,6
2,17
8,10
24,31
6,8
92,97
33,35
13,15
18,29
95,97
10,26
85,87
7,22
22,24
100,105
57,64
162,164
378,383
45,52
39,44
144,150
161,167
82,87
125,131
103,111
0,3
41,47
48,55
5,7
172,178
12,14
118,123
0,6
15,17
74,79
22,33
103,113
8,10
0,6
339,344
17,23
27,33
156,160
0,3
129,134
71,77
74,76
50,52
61,68
36,38
18,20
26,31
34,38
48,54
6,8
14,16
13,18
17,24
51,56
142,146
20,22
4,10
78,85
127,134
59,61
83,85
53,57
36,38
372,376
58,61
11,13
106,111
66,68
98,104
62,66
42,49
8,10
10,12
67,72
11,17
114,116
194,196
331,338
81,83
6,8
145,152
13,19
8,12
44,49
7,9
56,58
151,157
8,16
136,140
127,138
2,8
5,7
200,205
0,5
13,19
248,250
65,76
9,11
119,121
20,22
13,20
66,71
9,11
172,175
7,11
81,86
141,151
81,88
6,8
6,8
79,82
35,37
12,19
40,42
33,38
144,150
187,201
27,35
2,8
44,46
73,81
289,296
101,108
42,44
20,31
18,20
30,37
50,56
171,178
21,23
9,11
2,7
32,39
32,38
6,14
8,10
8,10
48,55
77,79
21,23
58,65
9,14
76,83
87,89
219,230
79,83
18,20
5,7
218,233
103,110
289,294
100,107
20,22
27,33
11,13
58,64
28,31
22,26
10,12
79,90
2,4
30,35
9,15
90,98
52,54
45,47
82,84
30,32
0,3
107,114
0,5
33,40
5,7
37,39
22,33
3,10
2,4
12,14
35,40
0,14
17,22
69,78
79,85
77,81
31,33
29,31
115,122
18,20
8,17
5,7
43,45
5,7
10,16
136,143
130,136
6,8
6,8
59,61
7,9
21,26
12,14
10,15
31,36
7,9
6,8
92,97
52,59
16,21
10,12
7,13
115,123
87,89
41,47
6,8
6,8
94,100
7,9
58,60
10,12
42,49
14,19
72,74
7,9
37,42
81,87
4,10
0,7
18,20
7,9
29,32
62,64
137,142
8,10
279,287
136,139
7,12
173,183
13,15
13,19
65,71
74,79
0,12
194,200
10,12
41,43
183,187
93,101
65,73
48,51
90,96
15,17
8,23
171,177
33,39
6,8
14,16
182,184
40,46
41,49
60,65
38,40
89,95
247,258
24,30
0,5
11,18
81,87
139,145
175,177
27,34
127,129
9,11
6,9
68,76
14,16
144,150
4,19
35,37
50,57
124,135
87,98
41,43
32,38
31,33
110,118
5,7
144,149
0,6
10,15
7,9
15,20
7,9
68,76
10,16
6,8
19,21
54,62
63,66
71,76
6,8
125,137
10,13
24,26
91,97
49,55
5,7
2,5
207,212
10,12
0,6
169,175
152,163
0,3
36,38
8,10
111,118
6,8
64,71
31,33
283,286
13,20
36,38
229,236
10,12
8,10
8,10
54,56
47,49
7,9
190,196
90,100
34,39
199,206
0,3
40,44
24,26
79,81
58,64
0,11
7,10
177,183
2,4
8,10
0,11
192,199
6,8
25,33
37,44
5,8
30,37
0,7
47,52
163,171
9,11
77,93
30,32
10,12
2,4
11,13
8,10
47,54
54,59
30,32
5,7
83,85
186,187
13,20
114,119
7,9
180,186
85,92
168,173
5,10
201,205
0,6
13,15
18,23
17,19
100,105
110,116
27,34
13,15
218,226
23,25
14,16
37,44
115,117
203,210
165,169
97,103
0,3
18,23
179,186
12,14
53,56
72,74
109,115
114,122
15,17
29,35
11,13
8,10
72,79
227,235
104,109
26,32
272,276
21,23
6,11
64,71
18,25
2,5
6,8
49,55
18,24
7,14
8,12
55,62
177,183
90,96
6,8
6,8
105,111
103,106
60,62
10,12
152,163
56,62
96,100
119,123
7,9
104,107
9,11
86,92
5,11
6,8
7,9
49,55
0,3
8,23
29,31
28,33
124,131
7,12
0,2
386,392
45,47
63,68
178,180
93,101
78,81
77,84
45,52
68,75
111,113
17,24
98,104
32,34
6,8
11,13
172,178
12,14
7,10
39,41
237,239
18,20
28,30
72,78
127,129
12,18
8,10
7,10
6,8
32,34
0,5
118,125
32,34
23,25
81,83
175,182
5,7
233,240
288,294
0,6
2,4
125,131
35,38
11,13
206,212
2,4
229,231
20,22
0,6
16,26
54,61
0,7
16,18
18,25
46,51
51,58
12,16
17,19
14,19
74,76
93,100
2,10
135,142
31,35
132,139
147,154
66,68
85,92
22,24
95,102
7,9
17,22
96,98
150,157
5,7
46,51
24,31
10,12
10,12
0,11
33,40
2,5
32,34
67,73
139,143
134,138
110,112
50,52
8,10
6,12
5,7
50,57
29,33
212,219
42,48
2,5
58,60
88,91
353,357
116,123
55,58
55,57
29,33
97,105
2,6
7,9
257,263
49,56
25,36
0,3
26,30
88,94
5,8
60,62
4,10
250,252
20,25
125,131
83,90
54,61
6,12
110,115
22,27
67,74
6,8
93,98
52,58
69,71
18,21
48,54
86,88
131,137
5,7
112,114
6,8
2,8
89,93
258,265
6,8
83,91
10,12
7,9
203,205
17,24
0,4
87,94
24,29
71,77
17,19
29,35
56,58
125,130
42,49
0,5
39,41
51,53
38,45
4,9
140,145
14,19
8,13
20,28
201,212
46,53
94,100
33,36
35,42
82,88
13,15
71,77
72,86
49,55
124,130
54,56
34,42
30,41
55,58
2,4
34,36
19,21
46,48
19,21
6,8
0,4
49,56
39,44
89,94
166,172
4,6
55,57
7,9
28,34
21,26
13,15
0,3
5,7
32,34
0,2
59,61
81,83
4,6
118,125
60,67
280,286
40,43
6,8
89,91
109,118
18,20
114,117
0,5
53,59
190,201
58,60
17,19
28,30
14,20
0,6
51,53
8,10
84,86
40,42
104,110
8,23
123,125
76,78
87,98
14,24
48,50
100,107
95,97
127,129
48,53
67,70
18,20
8,10
56,63
10,12
110,112
72,87
31,33
10,12
7,9
116,118
21,27
8,10
24,26
0,3
64,66
2,9
46,52
11,15
152,154
4,9
0,6
60,68
11,13
29,31
296,303
18,25
17,23
146,152
26,32
212,218
130,133
19,21
49,56
8,10
73,79
198,208
20,22
15,27
16,18
98,107
20,27
8,12
48,59
42,49
6,8
47,52
28,31
138,143
0,4
10,12
11,15
7,11
6,8
17,19
2,5
20,22
119,121
68,70
8,10
13,15
22,27
35,43
59,69
23,25
101,103
63,74
14,16
50,56
41,52
33,38
48,54
32,39
8,14
8,10
5,7
7,9
217,224
0,5
49,54
25,27
15,17
131,135
215,221
206,212
25,30
61,64
144,155
128,135
8,10
91,95
8,10
65,72
7,9
62,69
179,185
73,85
40,42
71,77
130,145
17,19
67,77
6,8
18,23
5,7
6,8
301,305
25,32
82,87
2,4
118,121
33,35
50,52
387,393
15,17
8,10
6,13
50,52
23,29
12,24
15,21
255,257
95,102
54,59
166,173
106,113
6,12
8,10
212,218
57,63
55,64
271,274
20,26
0,6
92,99
19,25
64,76
59,61
53,59
49,55
160,170
7,9
62,64
145,152
52,55
23,30
33,54
2,14
31,33
15,17
154,156
151,161
55,57
286,291
47,58
71,82
8,11
33,40
8,15
10,12
38,43
18,24
12,27
68,74
25,27
22,27
103,109
8,10
135,141
90,98
11,13
10,13
20,22
259,270
66,69
69,71
20,22
44,46
41,48
33,35
0,7
15,27
8,14
308,315
2,5
198,202
20,22
6,11
0,5
209,211
6,8
8,10
17,19
6,8
7,9
317,324
49,60
11,17
103,110
60,67
5,7
57,62
21,30
0,2
8,10
70,77
29,31
34,38
291,298
7,13
68,70
35,37
26,28
394,401
14,16
20,26
68,70
12,14
28,30
86,89
11,13
45,51
222,228
298,310
7,9
0,5
61,64
138,143
108,112
16,22
175,182
15,20
119,125
49,51
71,79
95,97
68,75
44,46
103,105
15,17
3,5
152,158
264,275
10,16
71,79
14,16
11,16
99,105
63,65
147,152
16,23
20,26
277,284
25,27
8,10
48,54
34,35
9,11
46,50
41,43
192,198
8,11
12,14
31,33
141,146
47,49
112,118
8,10
31,46
130,137
31,33
41,43
41,46
11,13
22,25
7,9
51,59
82,87
43,45
6,11
6,8
0,2
13,19
85,91
52,59
343,346
68,76
22,24
283,289
173,180
97,99
69,76
83,85
106,114
38,44
33,35
28,33
128,135
10,12
12,18
115,117
24,31
31,37
101,112
8,10
54,61
18,22
19,22
133,135
70,77
237,243
4,11
25,27
25,29
81,87
38,41
10,16
178,183
18,23
232,239
46,51
41,48
68,74
40,42
155,165
6,8
129,136
71,74
99,106
185,191
12,14
48,52
35,37
23,28
0,2
28,30
275,286
13,15
0,5
144,149
42,44
79,94
44,46
31,37
18,20
12,14
33,37
130,136
117,124
59,62
10,12
9,11
221,225
27,32
22,24
7,13
52,56
101,105
308,323
29,31
40,44
13,15
66,72
21,23
7,12
24,30
7,9
173,176
9,11
198,202
9,11
18,20
32,37
40,46
11,13
130,136
1,7
110,116
148,155
72,74
54,56
192,199
12,14
15,20
152,157
21,41
90,94
6,8
22,24
8,10
31,37
7,9
113,118
72,75
7,11
8,10
174,176
68,70
183,185
4,9
15,20
8,10
101,106
282,287
228,232
7,9
0,6
36,41
119,126
122,131
88,90
8,10
29,36
159,174
24,26
71,73
2,5
38,40
180,186
65,70
6,8
13,15
25,27
11,13
44,47
14,16
53,59
16,21
19,34
225,231
65,67
213,221
126,131
8,10
70,75
194,202
115,122
2,8
6,8
25,27
7,12
7,9
0,4
21,25
76,83
69,76
41,47
27,34
7,9
35,37
7,9
53,60
51,59
0,5
6,10
177,185
42,46
11,13
9,14
52,56
103,108
31,38
109,111
119,121
66,68
0,2
25,27
136,143
48,50
170,172
43,45
8,15
132,143
2,5
154,165
10,12
63,68
111,122
24,29
13,15
46,53
35,37
34,44
28,36
0,6
44,53
22,24
17,23
22,24
19,21
15,17
14,16
8,10
95,102
0,7
45,51
0,3
19,21
71,78
12,14
6,8
50,61
99,101
170,172
8,10
52,59
283,290
23,25
6,8
94,101
304,311
14,16
166,168
36,41
78,85
17,22
8,10
92,97
26,28
87,93
0,11
2,4
38,43
24,26
6,8
14,16
113,115
6,8
36,42
231,237
111,116
132,138
0,3
24,26
35,37
53,60
0,13
54,60
118,124
63,74
42,44
8,10
70,85
18,25
220,222
0,2
41,47
45,47
20,26
47,49
52,59
0,6
98,100
89,95
14,20
17,19
52,54
202,213
77,79
31,37
8,10
41,43
45,47
112,114
12,14
6,8
116,129
159,164
198,204
136,142
0,3
69,77
179,186
6,12
28,30
25,32
9,15
192,200
6,8
38,43
67,74
22,24
142,148
23,27
133,139
95,101
13,15
38,40
48,50
6,11
36,43
12,14
96,108
20,22
62,69
98,100
98,104
206,212
23,29
8,21
22,24
151,166
38,42
12,19
100,104
16,18
160,166
6,8
47,49
58,63
92,98
34,36
50,56
217,224
92,98
10,12
2,6
14,16
8,10
15,17
14,19
5,11
276,284
62,68
6,8
36,42
40,46
36,38
34,36
102,109
95,103
6,8
0,2
30,37
25,28
81,88
140,147
7,9
48,50
6,8
13,15
10,12
202,213
91,98
104,110
6,8
22,24
0,6
115,126
138,140
50,52
6,11
180,186
91,100
22,27
24,29
13,15
109,114
41,48
24,26
8,10
13,15
46,52
-1,5
57,61
67,69
20,22
6,9
42,44
53,60
29,31
96,108
181,194
67,75
48,52
31,38
7,12
28,30
35,40
2,5
126,133
0,12
193,200
126,133
30,32
19,26
27,29
68,71
257,264
101,104
16,18
109,116
23,28
62,69
4,10
291,302
125,128
21,28
98,106
189,195
101,108
0,2
77,85
86,92
30,37
459,462
6,8
16,18
39,43
54,56
29,31
62,68
27,34
13,16
31,38
149,157
116,122
252,258
61,63
80,83
0,5
35,37
210,216
28,30
36,41
64,69
2,4
63,70
6,8
6,8
97,104
165,169
164,166
12,14
16,18
0,4
21,28
117,119
6,8
43,45
6,8
72,74
6,8
0,4
42,48
0,4
61,67
71,77
15,17
17,23
117,124
9,11
22,24
5,7
0,2
340,347
48,51
25,27
2,4
74,76
8,10
142,148
109,115
6,8
2,4
23,30
8,17
78,84
2,7
119,126
41,43
37,39
3,5
76,81
0,3
7,13
97,106
159,166
88,94
0,3
178,185
93,95
6,10
159,167
6,8
6,8
5,9
5,7
96,101
104,115
27,29
5,7
278,293
18,20
116,123
36,38
6,8
10,12
6,8
7,14
20,25
118,125
144,159
7,9
64,71
128,139
63,65
6,8
103,110
14,16
0,10
8,10
116,118
7,10
13,20
35,37
78,84
38,43
27,29
0,3
15,17
17,19
41,47
39,41
64,71
42,46
10,12
19,27
39,46
184,192
20,28
13,15
128,134
77,82
29,33
72,77
5,11
6,8
77,82
8,17
2,7
13,21
8,14
40,42
23,25
251,253
215,221
22,24
0,11
137,143
26,32
94,96
8,10
7,9
312,314
6,8
171,173
41,43
26,33
30,36
20,22
30,35
76,78
89,107
23,25
18,20
53,60
59,61
104,109
20,25
51,53
135,142
12,14
79,90
84,86
0,6
124,129
49,54
65,71
7,12
175,181
28,39
7,13
38,45
6,8
121,126
77,86
115,118
116,130
52,54
159,164
186,193
9,15
131,137
18,26
2,5
10,12
13,15
27,32
10,12
53,55
160,167
109,116
130,133
129,135
9,16
38,40
39,48
51,53
35,42
169,171
113,120
4,10
5,7
89,96
2,4
40,44
189,196
94,101
31,33
0,6
80,82
104,106
42,49
0,6
6,20
24,26
63,65
135,142
22,24
8,10
390,409
6,12
136,143
45,47
21,29
18,21
11,14
38,40
6,8
50,57
7,12
8,10
64,69
0,3
95,100
11,19
70,75
90,98
14,16
82,88
67,74
126,133
38,40
9,14
2,4
104,111
35,42
87,89
178,189
6,8
38,40
13,15
132,137
151,154
8,10
101,111
68,75
230,238
66,68
0,2
23,25
92,96
86,94
392,399
29,39
47,54
0,6
30,32
15,17
18,20
6,8
123,129
61,67
14,25
175,183
100,106
9,12
8,10
53,59
60,62
53,55
172,178
6,8
67,72
331,339
98,102
35,37
36,41
103,105
49,51
10,16
308,312
33,39
17,22
24,26
43,45
20,25
2,13
113,117
6,8
121,123
11,17
8,10
89,93
8,11
32,34
100,107
17,19
31,33
22,24
42,48
6,12
7,9
52,57
72,74
326,330
31,37
0,3
33,35
12,14
132,138
13,18
0,4
57,59
74,76
5,10
26,31
38,40
81,83
52,54
59,61
123,128
12,14
38,43
0,6
10,24
79,85
0,6
5,8
31,37
6,8
0,2
64,70
7,9
4,12
45,60
7,9
66,68
72,79
45,47
76,83
347,358
8,10
12,17
27,29
237,243
14,16
276,283
38,45
152,157
65,72
9,18
5,7
10,17
67,74
118,128
0,2
172,177
14,21
11,17
72,79
41,48
81,83
2,4
146,152
280,285
102,104
0,5
25,27
12,18
35,42
123,134
98,100
0,7
0,4
6,8
411,415
84,91
7,12
53,55
91,99
15,17
12,14
371,377
64,69
16,28
129,136
10,17
44,49
21,23
101,103
197,204
16,21
148,150
157,164
23,25
152,155
8,17
136,142
141,144
17,24
6,8
313,318
56,71
33,35
0,2
8,10
35,37
139,146
2,7
0,3
247,254
180,185
205,215
22,26
6,8
176,178
94,99
5,7
60,67
20,27
243,250
50,56
5,11
160,162
160,165
8,14
41,54
27,35
62,68
5,7
81,88
7,12
12,18
2,7
4,9
24,26
3,8
24,31
53,68
21,28
6,8
150,157
124,126
29,35
8,10
0,6
131,133
312,314
151,157
189,196
66,76
35,47
74,76
176,182
77,79
9,11
8,10
39,46
23,26
4,7
109,113
52,53
19,26
31,33
176,183
138,145
20,22
42,49
63,68
6,8
63,65
114,119
80,82
5,7
170,176
158,165
6,8
206,213
6,8
33,35
17,24
174,179
23,30
0,6
190,196
14,16
0,6
52,54
170,176
7,12
6,8
6,8
15,17
81,88
22,28
7,16
62,68
136,138
154,156
35,50
42,49
210,218
48,50
6,8
133,140
14,16
30,35
108,115
10,12
93,100
11,13
10,12
8,10
231,233
48,55
0,4
50,59
13,15
18,20
81,85
199,201
6,8
15,17
73,80
17,24
98,116
6,8
7,10
7,9
10,15
7,9
101,103
28,40
70,73
44,46
15,22
8,10
241,246
22,24
6,8
58,65
16,18
114,120
291,297
0,6
148,153
22,29
89,95
6,12
69,80
66,71
153,157
10,12
8,10
27,29
13,19
21,23
0,5
4,9
4,6
25,27
0,5
20,31
65,67
138,145
109,116
136,141
71,78
188,199
8,10
49,51
2,5
49,51
61,68
7,9
319,325
55,57
44,50
5,7
266,272
5,7
139,148
7,12
66,72
51,54
17,19
24,26
10,12
0,13
43,45
35,42
6,8
9,12
6,8
7,9
38,44
121,123
18,24
0,3
9,12
281,292
44,46
99,102
295,297
13,15
54,61
10,12
8,10
8,14
63,65
13,15
218,220
193,195
82,86
6,8
18,20
36,38
9,11
34,42
173,179
123,130
20,26
73,75
11,13
27,29
63,65
11,17
18,20
21,25
2,4
8,10
6,12
22,27
16,19
44,46
47,54
0,2
104,109
97,104
40,42
0,3
41,46
12,17
423,430
11,13
8,10
310,316
123,130
8,10
42,48
313,319
57,59
12,14
41,49
36,38
2,5
4,9
34,39
142,145
56,60
8,15
8,10
11,13
5,17
232,239
7,9
152,155
0,3
8,10
30,32
0,3
6,8
49,51
19,21
6,8
23,25
76,78
62,64
21,31
105,116
7,18
10,14
97,102
31,40
70,72
118,129
112,118
14,16
121,132
19,21
81,88
7,9
39,46
199,203
71,73
130,132
31,37
141,147
26,29
13,20
76,83
2,5
6,8
216,221
63,69
282,289
67,81
52,57
0,2
2,4
13,15
6,8
123,127
362,364
24,26
11,16
17,19
26,31
8,12
98,105
5,14
4,6
7,9
54,59
293,308
111,113
96,108
0,7
16,18
31,36
79,85
0,12
0,3
74,85
15,17
7,13
88,97
12,14
32,38
178,183
35,37
155,157
11,13
8,10
70,72
90,97
32,45
20,23
8,10
56,61
2,11
2,6
25,30
13,15
79,86
162,173
26,28
66,73
7,9
2,7
101,107
190,195
10,12
70,72
0,6
39,46
144,155
10,12
0,12
48,50
88,94
2,7
296,302
23,28
34,36
41,43
12,14
46,51
201,208
14,19
64,66
0,3
99,109
8,10
5,12
0,7
8,10
0,5
0,2
15,17
8,10
178,183
159,161
19,21
17,19
7,9
130,137
26,28
7,9
51,58
54,61
77,84
19,21
70,80
0,2
35,38
8,10
15,22
39,50
26,34
17,24
29,31
34,40
62,74
104,112
229,236
93,99
133,136
231,237
224,231
69,76
131,137
76,81
5,7
5,7
8,10
56,58
71,73
10,15
5,7
2,8
147,155
205,210
71,76
8,10
34,36
47,58
55,66
154,160
0,5
6,8
9,20
237,244
236,240
67,78
6,8
211,218
106,114
199,210
13,27
23,25
22,28
12,19
312,320
6,8
0,6
6,8
8,13
42,48
69,76
129,144
10,12
16,18
2,5
22,27
6,8
0,2
15,22
0,6
102,108
102,109
156,158
121,126
18,20
184,189
109,111
74,76
35,44
51,54
103,109
74,76
336,343
115,121
9,15
76,78
56,63
17,19
24,26
17,20
38,43
87,89
0,6
7,10
91,95
14,19
10,15
21,26
199,208
64,75
60,67
25,36
33,40
87,94
24,26
60,66
21,26
85,90
16,18
13,20
21,23
101,109
15,21
130,136
127,129
22,24
15,24
65,70
12,14
26,32
25,31
93,100
120,122
277,283
45,60
22,27
12,15
32,34
11,15
97,112
0,2
33,39
27,37
129,131
136,139
139,145
19,21
85,90
7,10
8,10
239,246
166,173
120,123
3,11
99,102
242,248
6,8
65,78
50,61
40,47
5,8
131,136
88,92
46,48
33,36
5,9
16,28
6,8
152,158
80,85
0,3
137,143
8,23
54,62
32,41
30,36
14,16
356,371
96,102
91,98
0,3
12,14
14,20
0,7
61,68
140,146
121,126
71,74
32,37
150,156
14,16
121,127
80,82
198,205
7,9
36,38
34,36
2,8
122,126
39,46
42,44
8,10
145,152
43,49
37,39
12,14
30,33
32,35
53,59
38,43
154,156
35,42
4,11
125,130
8,12
2,5
8,23
96,98
8,10
144,148
13,15
47,52
54,65
18,23
4,6
178,185
6,8
419,426
11,13
193,204
14,19
47,52
2,4
154,159
266,276
42,51
134,141
26,28
378,389
11,18
53,60
61,63
83,90
18,20
15,20
7,11
116,124
14,20
33,35
72,79
0,2
12,14
241,250
87,93
9,12
6,8
6,8
76,82
75,83
5,7
16,20
92,96
116,131
29,34
6,8
27,29
192,195
118,122
25,28
14,16
6,13
10,15
242,253
12,19
70,77
9,14
4,20
42,44
21,23
74,79
2,5
10,14
206,213
31,38
22,33
67,69
307,309
57,62
7,9
99,111
37,39
148,155
242,249
16,27
164,169
21,26
42,45
12,15
133,140
8,10
63,65
39,41
169,184
23,25
161,167
64,75
18,23
13,15
19,26
3,5
8,10
47,54
12,19
11,13
207,222
43,45
65,69
87,92
55,63
180,182
14,21
24,26
8,14
17,22
7,14
37,44
118,120
7,10
5,9
13,20
29,34
6,8
118,120
144,151
43,45
6,8
48,54
9,11
8,10
432,436
