80,85
63,68
49,54
39,44
0,5
99,104
92,97
16,21
46,51
90,95
92,97
77,82
29,34
97,102
0,5
58,63
91,96
28,33
118,123
53,58
40,45
16,21
28,33
43,48
104,109
19,24
44,49
135,140
18,23
15,20
15,20
13,18
104,109
19,24
30,35
92,97
43,48
92,97
19,24
46,51
92,97
7,12
0,5
71,76
50,55
52,57
21,26
10,15
83,88
92,97
92,97
92,97
46,51
92,97
48,53
28,33
28,33
17,22
92,97
28,33
10,15
10,15
91,96
24,29
29,34
87,92
29,34
0,5
91,96
92,97
0,5
62,67
44,49
92,97
105,110
90,95
92,97
91,96
18,23
91,96
29,34
91,96
91,96
58,63
91,96
91,96
91,96
74,79
72,77
92,97
25,30
14,19
0,5
0,5
29,34
26,31
58,63
29,34
43,48
29,34
31,36
0,5
0,5
104,109
82,87
35,40
29,34
28,33
92,97
29,34
66,71
58,63
35,40
0,5
7,12
13,18
35,40
29,34
35,40
48,53
35,40
17,22
0,5
35,40
15,20
29,34
20,25
91,96
64,69
0,5
17,22
29,34
0,5
0,5
24,29
0,5
24,29
0,5
24,29
0,5
0,5
1,6
20,25
0,5
20,25
20,25
1,6
41,46
0,5
0,5
46,51
113,118
35,40
0,5
1,6
0,5
42,47
0,5
20,25
0,5
30,35
92,97
42,47
0,5
92,97
0,5
0,5
0,5
17,22
20,25
91,96
96,101
78,83
1,6
10,15
13,18
81,86
20,25
42,47
92,97
13,18
75,80
69,74
26,31
0,5
51,56
0,5
19,24
0,5
92,97
64,69
13,18
29,34
64,69
25,30
92,97
35,40
9,14
91,96
48,53
29,34
0,5
27,32
29,34
1,6
81,86
60,65
101,106
92,97
29,34
83,88
10,15
80,85
10,15
29,34
20,25
0,5
29,34
18,23
19,24
52,57
46,51
0,5
10,15
29,34
17,22
0,5
0,5
29,34
62,67
75,80
0,5
14,19
44,49
8,13
81,86
91,96
14,19
14,19
68,73
29,34
29,34
0,5
0,5
29,34
81,86
29,34
0,5
64,69
19,24
24,29
29,34
47,52
26,31
26,31
25,30
92,97
29,34
0,5
61,66
11,16
29,34
36,41
29,34
63,68
29,34
67,72
20,25
29,34
35,40
0,5
29,34
19,24
29,34
0,5
18,23
35,40
33,38
36,41
19,24
57,62
36,41
91,96
4,9
91,96
10,15
19,24
29,34
29,34
91,96
0,5
29,34
82,87
39,44
30,35
19,24
34,39
27,32
91,96
29,34
19,24
91,96
91,96
91,96
91,96
96,101
74,79
75,80
23,28
40,45
15,20
29,34
29,34
29,34
27,32
17,22
80,85
29,34
29,34
29,34
29,34
29,34
29,34
29,34
29,34
29,34
29,34
29,34
29,34
45,50
29,34
19,24
19,24
19,24
9,14
29,34
29,34
45,50
58,63
29,34
29,34
29,34
29,34
29,34
29,34
27,32
29,34
29,34
29,34
29,34
29,34
29,34
46,51
29,34
29,34
29,34
29,34
29,34
29,34
29,34
29,34
29,34
27,32
29,34
29,34
29,34
29,34
29,34
29,34
29,34
29,34
19,24
19,24
19,24
29,34
29,34
0,5
29,34
29,34
19,24
28,33
29,34
87,92
87,92
88,93
87,92
29,34
29,34
29,34
29,34
17,22
29,34
29,34
29,34
29,34
4,9
29,34
29,34
29,34
41,46
29,34
29,34
29,34
29,34
29,34
29,34
29,34
29,34
29,34
29,34
29,34
29,34
29,34
10,15
62,67
29,34
29,34
29,34
29,34
29,34
29,34
29,34
29,34
0,5
0,5
0,5
29,34
29,34
29,34
29,34
29,34
29,34
29,34
29,34
29,34
29,34
29,34
29,34
29,34
20,25
29,34
29,34
62,67
35,40
29,34
29,34
29,34
29,34
29,34
19,24
29,34
0,5
5,10
0,5
5,10
0,5
29,34
29,34
29,34
29,34
29,34
68,73
29,34
29,34
29,34
10,15
29,34
29,34
15,20
2,7
7,12
28,33
15,20
6,11
19,24
122,127
4,9
78,83
28,33
10,15
11,16
6,11
21,26
20,25
5,10
6,11
19,24
34,39
29,34
29,34
19,24
1,6
0,5
19,24
0,5
19,24
10,15
18,23
29,34
19,24
16,21
8,13
4,9
0,5
104,109
0,5
15,20
103,108
67,72
9,14
31,36
44,49
6,11
16,21
81,86
29,34
11,16
20,25
76,81
127,132
9,14
45,50
50,55
43,48
16,21
67,72
67,72
67,72
50,55
50,55
0,5
127,132
113,118
8,13
77,82
35,40
0,5
42,47
89,94
0,5
107,112
116,121
11,16
64,69
1,6
73,78
6,11
6,11
6,11
47,52
29,34
46,51
134,139
29,34
0,5
50,55
47,52
0,5
59,64
29,34
29,34
6,11
16,21
59,64
0,5
0,5
4,9
29,34
19,24
8,13
6,11
101,106
29,34
10,15
11,16
29,34
0,5
29,34
10,15
10,15
11,16
0,5
29,34
17,22
10,15
56,61
4,9
21,26
29,34
15,20
29,34
46,51
29,34
64,69
29,34
94,99
10,15
24,29
101,106
94,99
94,99
94,99
11,16
4,9
4,9
0,5
29,34
4,9
25,30
4,9
4,9
4,9
4,9
4,9
4,9
17,22
19,24
4,9
4,9
10,15
2,7
4,9
101,106
4,9
4,9
4,9
4,9
17,22
23,28
86,91
86,91
4,9
21,26
30,35
30,35
16,21
0,5
30,35
0,5
16,21
28,33
12,17
34,39
6,11
7,12
0,5
16,21
16,21
16,21
8,13
10,15
21,26
17,22
30,35
35,40
10,15
28,33
1,6
16,21
16,21
11,16
30,35
30,35
16,21
29,34
9,14
7,12
50,55
36,41
31,36
8,13
15,20
0,5
36,41
23,28
16,21
23,28
26,31
5,10
5,10
23,28
23,28
23,28
64,69
0,5
4,9
16,21
20,25
16,21
16,21
81,86
16,21
16,21
36,41
16,21
80,85
108,113
0,5
128,133
11,16
20,25
80,85
19,24
15,20
34,39
24,29
60,65
0,5
19,24
32,37
29,34
6,11
0,5
0,5
34,39
0,5
23,28
19,24
15,20
15,20
15,20
15,20
50,55
43,48
0,5
17,22
16,21
7,12
21,26
0,5
26,31
4,9
4,9
34,39
34,39
34,39
88,93
34,39
15,20
89,94
0,5
55,60
16,21
8,13
16,21
9,14
10,15
14,19
10,15
0,5
1,6
49,54
48,53
19,24
70,75
0,5
19,24
16,21
0,5
98,103
17,22
40,45
98,103
0,5
11,16
81,86
74,79
0,5
0,5
77,82
16,21
131,136
10,15
29,34
0,5
74,79
74,79
6,11
36,41
88,93
21,26
29,34
74,79
55,60
0,5
61,66
35,40
7,12
27,32
10,15
19,24
19,24
19,24
0,5
4,9
87,92
9,14
0,5
0,5
29,34
16,21
48,53
17,22
29,34
50,55
0,5
54,59
92,97
28,33
120,125
80,85
28,33
80,85
96,101
15,20
25,30
41,46
19,24
99,104
75,80
7,12
13,18
10,15
4,9
0,5
29,34
10,15
0,5
125,130
7,12
26,31
26,31
11,16
20,25
10,15
10,15
36,41
0,5
33,38
14,19
40,45
10,15
19,24
10,15
0,5
19,24
31,36
0,5
0,5
0,5
0,5
0,5
22,27
10,15
19,24
0,5
0,5
0,5
17,22
10,15
0,5
0,5
21,26
0,5
21,26
0,5
0,5
8,13
0,5
47,52
10,15
1,6
52,57
12,17
6,11
0,5
22,27
0,5
0,5
0,5
0,5
0,5
0,5
0,5
0,5
0,5
40,45
0,5
97,102
15,20
13,18
13,18
26,31
0,5
47,52
0,5
0,5
0,5
0,5
20,25
109,114
36,41
0,5
0,5
47,52
47,52
0,5
31,36
92,97
0,5
0,5
34,39
12,17
51,56
23,28
21,26
20,25
0,5
0,5
0,5
27,32
9,14
0,5
12,17
0,5
56,61
31,36
39,44
10,15
55,60
56,61
0,5
29,34
0,5
21,26
0,5
0,5
34,39
17,22
4,9
31,36
17,22
1,6
13,18
0,5
0,5
14,19
0,5
12,17
0,5
0,5
17,22
17,22
17,22
17,22
12,17
36,41
1,6
15,20
39,44
13,18
0,5
15,20
1,6
12,17
0,5
14,19
18,23
1,6
0,5
0,5
4,9
0,5
0,5
0,5
0,5
34,39
0,5
0,5
0,5
34,39
34,39
34,39
34,39
0,5
0,5
1,6
39,44
0,5
0,5
34,39
0,5
0,5
0,5
0,5
0,5
0,5
95,100
0,5
0,5
0,5
0,5
39,44
88,93
0,5
39,44
0,5
18,23
95,100
0,5
95,100
0,5
0,5
0,5
77,82
77,82
12,17
0,5
0,5
6,11
0,5
9,14
0,5
20,25
20,25
20,25
20,25
20,25
0,5
0,5
0,5
0,5
0,5
0,5
0,5
0,5
0,5
0,5
12,17
0,5
0,5
0,5
12,17
12,17
0,5
0,5
21,26
11,16
0,5
0,5
0,5
1,6
25,30
1,6
10,15
0,5
0,5
0,5
0,5
0,5
0,5
0,5
0,5
0,5
0,5
0,5
11,16
6,11
0,5
0,5
0,5
0,5
0,5
17,22
0,5
0,5
0,5
0,5
0,5
0,5
0,5
0,5
0,5
0,5
0,5
0,5
0,5
0,5
0,5
21,26
0,5
8,13
0,5
0,5
0,5
0,5
10,15
0,5
0,5
0,5
2,7
26,31
0,5
0,5
0,5
10,15
0,5
10,15
0,5
0,5
10,15
0,5
0,5
10,15
132,137
10,15
56,61
10,15
43,48
0,5
0,5
19,24
0,5
0,5
10,15
10,15
45,50
3,8
42,47
0,5
7,12
0,5
14,19
0,5
0,5
0,5
14,19
31,36
20,25
20,25
18,23
0,5
21,26
12,17
0,5
0,5
15,20
12,17
0,5
0,5
0,5
18,23
35,40
0,5
0,5
10,15
0,5
0,5
0,5
0,5
0,5
12,17
17,22
0,5
31,36
0,5
17,22
0,5
0,5
42,47
10,15
12,17
0,5
12,17
12,17
34,39
12,17
34,39
0,5
31,36
70,75
55,60
20,25
12,17
42,47
20,25
12,17
0,5
0,5
0,5
0,5
12,17
0,5
12,17
2,7
20,25
10,15
0,5
12,17
34,39
0,5
0,5
10,15
12,17
7,12
12,17
12,17
12,17
12,17
12,17
12,17
0,5
42,47
0,5
12,17
12,17
0,5
12,17
6,11
36,41
0,5
39,44
12,17
12,17
12,17
12,17
0,5
12,17
11,16
1,6
34,39
12,17
12,17
12,17
0,5
0,5
0,5
0,5
9,14
10,15
0,5
12,17
17,22
12,17
12,17
12,17
12,17
12,17
12,17
9,14
12,17
14,19
12,17
37,42
3,8
18,23
12,17
1,6
12,17
12,17
12,17
12,17
0,5
12,17
57,62
12,17
14,19
10,15
12,17
12,17
12,17
12,17
12,17
4,9
0,5
19,24
20,25
34,39
81,86
0,5
15,20
1,6
19,24
15,20
0,5
0,5
0,5
34,39
12,17
0,5
8,13
0,5
14,19
12,17
14,19
13,18
0,5
12,17
0,5
0,5
1,6
0,5
31,36
17,22
0,5
0,5
0,5
0,5
21,26
34,39
0,5
42,47
10,15
42,47
3,8
0,5
73,78
10,15
3,8
73,78
0,5
0,5
0,5
31,36
93,98
14,19
0,5
57,62
0,5
0,5
40,45
0,5
7,12
0,5
0,5
75,80
79,84
0,5
51,56
13,18
15,20
13,18
12,17
28,33
49,54
33,38
0,5
91,96
68,73
0,5
49,54
21,26
16,21
15,20
44,49
0,5
0,5
0,5
0,5
0,5
45,50
10,15
5,10
5,10
20,25
0,5
13,18
13,18
29,34
83,88
49,54
68,73
49,54
49,54
49,54
28,33
70,75
32,37
0,5
0,5
101,106
28,33
12,17
0,5
101,106
0,5
31,36
1,6
18,23
31,36
82,87
28,33
0,5
0,5
0,5
80,85
80,85
0,5
4,9
0,5
0,5
0,5
0,5
111,116
16,21
0,5
10,15
0,5
0,5
1,6
30,35
33,38
79,84
79,84
79,84
0,5
0,5
28,33
28,33
28,33
29,34
47,52
0,5
0,5
29,34
0,5
69,74
49,54
44,49
44,49
78,83
78,83
10,15
15,20
0,5
17,22
0,5
0,5
95,100
0,5
23,28
31,36
0,5
0,5
0,5
33,38
23,28
55,60
7,12
10,15
42,47
11,16
17,22
0,5
0,5
30,35
0,5
0,5
28,33
95,100
65,70
76,81
45,50
0,5
100,105
38,43
61,66
0,5
67,72
30,35
28,33
50,55
4,9
46,51
27,32
79,84
10,15
46,51
79,84
7,12
0,5
21,26
15,20
1,6
28,33
0,5
78,83
16,21
0,5
5,10
36,41
0,5
18,23
28,33
0,5
1,6
80,85
64,69
0,5
30,35
0,5
21,26
0,5
1,6
28,33
0,5
11,16
28,33
14,19
15,20
30,35
23,28
0,5
0,5
11,16
38,43
99,104
0,5
1,6
1,6
0,5
31,36
36,41
0,5
28,33
37,42
28,33
0,5
0,5
12,17
4,9
48,53
0,5
0,5
0,5
0,5
20,25
99,104
20,25
99,104
0,5
50,55
20,25
80,85
0,5
17,22
0,5
20,25
20,25
17,22
0,5
28,33
28,33
20,25
20,25
0,5
29,34
0,5
28,33
10,15
0,5
0,5
0,5
53,58
0,5
0,5
28,33
0,5
0,5
28,33
31,36
10,15
17,22
0,5
0,5
0,5
0,5
0,5
0,5
16,21
17,22
0,5
29,34
0,5
19,24
0,5
54,59
29,34
0,5
0,5
47,52
0,5
21,26
36,41
0,5
36,41
17,22
17,22
17,22
21,26
17,22
17,22
17,22
17,22
0,5
0,5
0,5
0,5
97,102
83,88
0,5
13,18
0,5
0,5
0,5
1,6
49,54
0,5
1,6
125,130
10,15
10,15
0,5
0,5
0,5
0,5
11,16
0,5
0,5
0,5
28,33
0,5
0,5
1,6
0,5
13,18
71,76
0,5
0,5
0,5
0,5
6,11
20,25
20,25
20,25
20,25
20,25
0,5
0,5
0,5
0,5
0,5
0,5
0,5
0,5
0,5
0,5
0,5
1,6
0,5
1,6
0,5
0,5
0,5
25,30
16,21
0,5
0,5
0,5
3,8
16,21
0,5
34,39
10,15
0,5
10,15
25,30
0,5
3,8
0,5
0,5
9,14
0,5
0,5
11,16
1,6
0,5
0,5
29,34
1,6
0,5
0,5
1,6
1,6
0,5
1,6
0,5
11,16
7,12
0,5
0,5
0,5
10,15
1,6
0,5
0,5
0,5
0,5
28,33
48,53
0,5
25,30
31,36
10,15
77,82
0,5
45,50
45,50
45,50
45,50
45,50
0,5
0,5
30,35
21,26
10,15
10,15
10,15
0,5
29,34
35,40
0,5
0,5
35,40
35,40
29,34
48,53
28,33
10,15
10,15
10,15
4,9
28,33
0,5
0,5
28,33
28,33
19,24
10,15
10,15
20,25
0,5
10,15
12,17
12,17
0,5
0,5
0,5
17,22
11,16
28,33
34,39
21,26
12,17
31,36
0,5
0,5
0,5
0,5
28,33
8,13
19,24
0,5
0,5
0,5
0,5
0,5
28,33
16,21
1,6
0,5
12,17
0,5
0,5
0,5
28,33
28,33
25,30
29,34
28,33
28,33
7,12
84,89
84,89
0,5
74,79
105,110
6,11
43,48
0,5
11,16
16,21
77,82
92,97
0,5
29,34
0,5
0,5
11,16
15,20
0,5
13,18
65,70
65,70
29,34
20,25
75,80
0,5
29,34
42,47
31,36
43,48
14,19
22,27
16,21
16,21
16,21
0,5
104,109
0,5
54,59
5,10
85,90
101,106
31,36
10,15
31,36
0,5
0,5
16,21
29,34
75,80
29,34
75,80
29,34
32,37
58,63
36,41
38,43
21,26
52,57
0,5
10,15
10,15
28,33
48,53
29,34
18,23
26,31
29,34
82,87
19,24
37,42
31,36
82,87
18,23
12,17
40,45
15,20
93,98
75,80
82,87
63,68
0,5
17,22
29,34
0,5
10,15
40,45
29,34
15,20
55,60
40,45
27,32
75,80
57,62
40,45
23,28
40,45
16,21
16,21
40,45
58,63
40,45
72,77
20,25
0,5
40,45
0,5
29,34
40,45
40,45
40,45
40,45
40,45
40,45
60,65
40,45
52,57
40,45
40,45
40,45
40,45
53,58
40,45
40,45
0,5
35,40
0,5
56,61
9,14
25,30
1,6
7,12
8,13
0,5
0,5
17,22
19,24
9,14
35,40
10,15
10,15
10,15
0,5
29,34
7,12
1,6
20,25
0,5
10,15
58,63
82,87
38,43
16,21
55,60
18,23
58,63
43,48
4,9
32,37
22,27
113,118
58,63
24,29
16,21
58,63
30,35
57,62
44,49
58,63
58,63
58,63
58,63
58,63
101,106
58,63
58,63
39,44
114,119
40,45
54,59
36,41
53,58
96,101
115,120
95,100
30,35
68,73
30,35
0,5
23,28
72,77
68,73
68,73
0,5
68,73
68,73
50,55
49,54
19,24
0,5
16,21
46,51
41,46
31,36
33,38
0,5
0,5
45,50
14,19
45,50
29,34
1,6
85,90
31,36
96,101
50,55
28,33
0,5
91,96
120,125
61,66
25,30
7,12
0,5
21,26
28,33
12,17
0,5
16,21
92,97
29,34
0,5
11,16
38,43
42,47
110,115
0,5
4,9
0,5
0,5
28,33
81,86
14,19
19,24
29,34
28,33
26,31
13,18
0,5
55,60
5,10
0,5
20,25
20,25
13,18
40,45
0,5
9,14
116,121
20,25
0,5
5,10
20,25
0,5
0,5
5,10
0,5
1,6
0,5
21,26
0,5
0,5
17,22
13,18
82,87
64,69
20,25
32,37
80,85
6,11
22,27
16,21
16,21
0,5
34,39
29,34
39,44
20,25
45,50
64,69
39,44
0,5
0,5
39,44
20,25
0,5
0,5
0,5
0,5
11,16
52,57
0,5
20,25
12,17
20,25
20,25
17,22
17,22
51,56
22,27
20,25
20,25
0,5
67,72
22,27
20,25
11,16
20,25
0,5
0,5
124,129
11,16
36,41
20,25
75,80
39,44
0,5
10,15
20,25
100,105
75,80
0,5
22,27
42,47
73,78
20,25
0,5
0,5
0,5
62,67
47,52
37,42
62,67
0,5
0,5
15,20
0,5
0,5
0,5
32,37
0,5
0,5
0,5
46,51
26,31
0,5
20,25
35,40
90,95
48,53
16,21
29,34
10,15
0,5
0,5
30,35
39,44
10,15
30,35
22,27
29,34
37,42
26,31
37,42
21,26
21,26
13,18
26,31
90,95
0,5
35,40
37,42
0,5
80,85
37,42
39,44
17,22
18,23
39,44
1,6
22,27
23,28
26,31
37,42
39,44
0,5
4,9
18,23
21,26
1,6
72,77
0,5
80,85
39,44
39,44
39,44
22,27
0,5
74,79
20,25
20,25
0,5
0,5
5,10
0,5
35,40
29,34
20,25
21,26
18,23
17,22
17,22
17,22
17,22
27,32
17,22
0,5
38,43
17,22
17,22
17,22
17,22
17,22
17,22
17,22
17,22
34,39
53,58
70,75
80,85
64,69
33,38
11,16
0,5
0,5
20,25
20,25
0,5
0,5
20,25
18,23
0,5
30,35
0,5
0,5
73,78
0,5
10,15
0,5
3,8
19,24
0,5
0,5
0,5
13,18
14,19
11,16
75,80
20,25
0,5
35,40
0,5
0,5
0,5
0,5
0,5
27,32
27,32
27,32
8,13
74,79
0,5
0,5
0,5
0,5
82,87
11,16
20,25
0,5
0,5
0,5
82,87
82,87
0,5
82,87
82,87
0,5
82,87
6,11
66,71
0,5
0,5
0,5
0,5
0,5
0,5
0,5
0,5
0,5
0,5
0,5
0,5
18,23
0,5
20,25
0,5
0,5
0,5
83,88
40,45
0,5
0,5
0,5
0,5
20,25
0,5
0,5
0,5
0,5
0,5
0,5
17,22
0,5
20,25
0,5
0,5
34,39
13,18
0,5
8,13
11,16
20,25
50,55
0,5
0,5
0,5
13,18
0,5
0,5
13,18
14,19
14,19
0,5
29,34
0,5
0,5
0,5
0,5
0,5
0,5
0,5
0,5
0,5
0,5
0,5
0,5
20,25
0,5
15,20
0,5
63,68
45,50
11,16
45,50
68,73
20,25
0,5
1,6
89,94
0,5
0,5
68,73
0,5
40,45
68,73
20,25
20,25
68,73
45,50
20,25
13,18
20,25
5,10
16,21
0,5
33,38
45,50
20,25
20,25
0,5
20,25
18,23
20,25
13,18
20,25
10,15
1,6
64,69
0,5
45,50
2,7
18,23
20,25
20,25
20,25
17,22
17,22
20,25
16,21
33,38
60,65
0,5
17,22
0,5
0,5
5,10
20,25
0,5
0,5
13,18
37,42
0,5
5,10
11,16
20,25
20,25
20,25
20,25
20,25
0,5
0,5
0,5
0,5
0,5
0,5
0,5
13,18
80,85
13,18
21,26
13,18
0,5
13,18
55,60
34,39
40,45
0,5
89,94
13,18
13,18
43,48
0,5
67,72
18,23
0,5
13,18
94,99
18,23
0,5
68,73
68,73
13,18
13,18
18,23
13,18
0,5
13,18
13,18
0,5
38,43
13,18
12,17
68,73
0,5
16,21
0,5
15,20
0,5
0,5
0,5
0,5
0,5
36,41
0,5
50,55
0,5
75,80
10,15
16,21
0,5
18,23
0,5
17,22
0,5
17,22
1,6
88,93
47,52
20,25
17,22
17,22
17,22
17,22
17,22
17,22
17,22
17,22
16,21
43,48
17,22
1,6
0,5
0,5
44,49
0,5
30,35
0,5
0,5
0,5
1,6
30,35
0,5
9,14
13,18
19,24
14,19
30,35
0,5
14,19
0,5
19,24
13,18
1,6
8,13
0,5
18,23
0,5
0,5
11,16
20,25
0,5
30,35
9,14
0,5
30,35
17,22
0,5
0,5
16,21
0,5
0,5
0,5
0,5
0,5
20,25
0,5
0,5
10,15
0,5
39,44
0,5
20,25
0,5
39,44
1,6
29,34
18,23
42,47
0,5
1,6
0,5
16,21
20,25
0,5
0,5
10,15
16,21
19,24
1,6
18,23
19,24
45,50
1,6
13,18
34,39
0,5
0,5
1,6
0,5
22,27
16,21
68,73
16,21
13,18
0,5
13,18
19,24
19,24
17,22
0,5
13,18
0,5
17,22
0,5
40,45
19,24
12,17
19,24
19,24
17,22
17,22
0,5
19,24
31,36
19,24
17,22
13,18
0,5
19,24
12,17
13,18
30,35
2,7
0,5
26,31
13,18
0,5
0,5
0,5
0,5
13,18
19,24
16,21
15,20
0,5
0,5
0,5
0,5
14,19
0,5
0,5
0,5
0,5
0,5
0,5
0,5
13,18
0,5
0,5
54,59
7,12
31,36
0,5
19,24
23,28
41,46
17,22
19,24
19,24
19,24
19,24
19,24
19,24
16,21
19,24
0,5
19,24
0,5
15,20
16,21
0,5
0,5
15,20
11,16
60,65
0,5
15,20
0,5
0,5
0,5
0,5
29,34
29,34
41,46
14,19
25,30
28,33
56,61
0,5
29,34
77,82
0,5
0,5
15,20
35,40
0,5
0,5
29,34
125,130
93,98
0,5
0,5
56,61
0,5
0,5
17,22
86,91
28,33
0,5
27,32
17,22
57,62
57,62
57,62
10,15
0,5
0,5
33,38
15,20
5,10
0,5
0,5
48,53
0,5
40,45
87,92
45,50
0,5
0,5
17,22
5,10
16,21
56,61
0,5
0,5
0,5
24,29
29,34
29,34
0,5
6,11
42,47
7,12
0,5
0,5
35,40
0,5
15,20
18,23
18,23
75,80
58,63
16,21
0,5
0,5
16,21
10,15
5,10
0,5
1,6
0,5
11,16
1,6
68,73
73,78
68,73
5,10
68,73
0,5
48,53
19,24
25,30
28,33
61,66
21,26
59,64
21,26
29,34
20,25
17,22
15,20
0,5
0,5
29,34
0,5
45,50
14,19
16,21
29,34
0,5
27,32
29,34
16,21
0,5
10,15
50,55
29,34
13,18
16,21
0,5
0,5
29,34
16,21
62,67
15,20
16,21
16,21
127,132
16,21
40,45
16,21
16,21
0,5
20,25
21,26
0,5
0,5
36,41
3,8
79,84
0,5
0,5
15,20
132,137
0,5
10,15
16,21
16,21
16,21
1,6
19,24
18,23
0,5
40,45
0,5
0,5
0,5
50,55
15,20
0,5
0,5
9,14
20,25
0,5
7,12
40,45
28,33
13,18
10,15
46,51
0,5
0,5
116,121
22,27
56,61
56,61
0,5
70,75
56,61
56,61
56,61
0,5
13,18
50,55
0,5
9,14
16,21
14,19
19,24
0,5
0,5
5,10
18,23
28,33
0,5
27,32
38,43
0,5
16,21
0,5
16,21
0,5
0,5
0,5
0,5
45,50
0,5
43,48
0,5
13,18
0,5
0,5
33,38
0,5
38,43
0,5
13,18
18,23
28,33
40,45
0,5
0,5
0,5
10,15
55,60
41,46
64,69
0,5
0,5
88,93
44,49
0,5
0,5
0,5
0,5
33,38
14,19
8,13
28,33
25,30
0,5
7,12
19,24
32,37
3,8
0,5
10,15
14,19
24,29
28,33
5,10
39,44
27,32
20,25
0,5
13,18
53,58
25,30
0,5
25,30
32,37
39,44
39,44
20,25
35,40
0,5
9,14
22,27
11,16
0,5
25,30
0,5
1,6
11,16
0,5
11,16
17,22
11,16
34,39
0,5
21,26
5,10
0,5
20,25
11,16
34,39
33,38
20,25
27,32
0,5
0,5
15,20
34,39
20,25
37,42
78,83
1,6
0,5
0,5
0,5
30,35
0,5
0,5
2,7
91,96
85,90
0,5
42,47
0,5
29,34
17,22
1,6
0,5
0,5
25,30
69,74
0,5
9,14
85,90
9,14
35,40
48,53
1,6
0,5
91,96
50,55
48,53
48,53
11,16
0,5
1,6
0,5
20,25
48,53
37,42
0,5
81,86
0,5
48,53
0,5
32,37
48,53
9,14
48,53
48,53
48,53
48,53
48,53
48,53
48,53
48,53
48,53
5,10
17,22
48,53
48,53
48,53
48,53
28,33
0,5
30,35
0,5
44,49
0,5
38,43
0,5
4,9
30,35
20,25
86,91
30,35
20,25
15,20
8,13
8,13
8,13
0,5
0,5
30,35
20,25
13,18
10,15
0,5
26,31
0,5
15,20
51,56
35,40
5,10
53,58
17,22
17,22
0,5
0,5
57,62
0,5
0,5
0,5
72,77
4,9
25,30
10,15
0,5
30,35
9,14
0,5
20,25
42,47
86,91
11,16
13,18
0,5
15,20
0,5
21,26
15,20
5,10
33,38
15,20
24,29
46,51
10,15
10,15
46,51
0,5
95,100
46,51
35,40
7,12
19,24
0,5
55,60
0,5
46,51
46,51
46,51
30,35
39,44
46,51
17,22
46,51
46,51
11,16
15,20
17,22
46,51
23,28
26,31
20,25
0,5
48,53
0,5
0,5
1,6
93,98
0,5
16,21
0,5
20,25
0,5
20,25
0,5
27,32
27,32
0,5
26,31
27,32
0,5
19,24
9,14
35,40
15,20
19,24
0,5
0,5
1,6
58,63
15,20
15,20
15,20
15,20
1,6
0,5
15,20
15,20
15,20
0,5
28,33
0,5
17,22
77,82
16,21
18,23
0,5
0,5
0,5
21,26
0,5
48,53
93,98
15,20
27,32
73,78
74,79
74,79
74,79
74,79
29,34
74,79
74,79
74,79
15,20
29,34
0,5
0,5
84,89
46,51
0,5
15,20
0,5
0,5
0,5
0,5
9,14
19,24
52,57
30,35
0,5
34,39
46,51
16,21
12,17
46,51
46,51
46,51
1,6
46,51
46,51
46,51
46,51
31,36
63,68
29,34
21,26
14,19
0,5
44,49
0,5
0,5
135,140
48,53
0,5
0,5
0,5
0,5
27,32
63,68
0,5
0,5
85,90
55,60
0,5
16,21
22,27
119,124
10,15
11,16
16,21
48,53
1,6
13,18
0,5
16,21
0,5
93,98
13,18
93,98
48,53
63,68
93,98
93,98
116,121
71,76
48,53
93,98
48,53
63,68
48,53
48,53
48,53
30,35
14,19
93,98
48,53
48,53
48,53
0,5
48,53
27,32
48,53
48,53
56,61
48,53
48,53
100,105
48,53
48,53
48,53
93,98
93,98
48,53
48,53
48,53
42,47
93,98
48,53
48,53
48,53
17,22
93,98
48,53
48,53
47,52
48,53
48,53
28,33
93,98
93,98
93,98
93,98
93,98
93,98
93,98
93,98
93,98
93,98
1,6
93,98
93,98
93,98
93,98
27,32
93,98
93,98
93,98
0,5
73,78
30,35
0,5
20,25
21,26
14,19
47,52
0,5
0,5
0,5
1,6
15,20
29,34
98,103
30,35
21,26
30,35
106,111
20,25
20,25
27,32
22,27
14,19
0,5
32,37
13,18
0,5
14,19
41,46
19,24
0,5
0,5
10,15
27,32
19,24
41,46
27,32
27,32
1,6
27,32
19,24
0,5
27,32
27,32
27,32
27,32
64,69
20,25
15,20
27,32
27,32
61,66
0,5
27,32
27,32
14,19
27,32
27,32
27,32
27,32
27,32
27,32
27,32
27,32
27,32
27,32
37,42
27,32
27,32
31,36
27,32
27,32
27,32
27,32
27,32
27,32
27,32
27,32
27,32
27,32
27,32
27,32
27,32
10,15
38,43
16,21
0,5
15,20
18,23
55,60
19,24
5,10
68,73
25,30
31,36
14,19
74,79
59,64
0,5
48,53
5,10
60,65
15,20
10,15
29,34
13,18
12,17
111,116
93,98
0,5
54,59
31,36
13,18
4,9
0,5
52,57
36,41
52,57
21,26
52,57
50,55
0,5
0,5
13,18
78,83
52,57
13,18
58,63
44,49
31,36
13,18
13,18
52,57
1,6
13,18
13,18
124,129
66,71
13,18
14,19
14,19
13,18
109,114
99,104
7,12
42,47
32,37
73,78
43,48
18,23
42,47
13,18
25,30
4,9
0,5
13,18
0,5
5,10
10,15
47,52
28,33
66,71
48,53
29,34
21,26
93,98
6,11
93,98
74,79
25,30
48,53
0,5
51,56
35,40
29,34
48,53
29,34
48,53
0,5
28,33
25,30
9,14
11,16
25,30
39,44
8,13
28,33
49,54
28,33
0,5
0,5
0,5
28,33
0,5
18,23
18,23
17,22
0,5
18,23
30,35
15,20
18,23
18,23
18,23
18,23
18,23
18,23
18,23
18,23
18,23
18,23
18,23
18,23
18,23
18,23
18,23
18,23
18,23
18,23
18,23
5,10
28,33
29,34
38,43
38,43
38,43
38,43
28,33
38,43
38,43
38,43
38,43
38,43
38,43
1,6
28,33
18,23
17,22
25,30
42,47
42,47
1,6
38,43
38,43
28,33
90,95
90,95
28,33
28,33
0,5
0,5
0,5
0,5
74,79
11,16
0,5
0,5
0,5
0,5
11,16
11,16
47,52
32,37
49,54
28,33
28,33
16,21
41,46
29,34
28,33
28,33
48,53
12,17
0,5
0,5
0,5
0,5
54,59
54,59
2,7
48,53
25,30
52,57
0,5
7,12
31,36
31,36
0,5
48,53
0,5
38,43
46,51
33,38
13,18
26,31
14,19
94,99
94,99
0,5
13,18
4,9
19,24
0,5
81,86
10,15
0,5
0,5
10,15
29,34
15,20
0,5
0,5
40,45
10,15
36,41
92,97
27,32
72,77
0,5
0,5
15,20
0,5
84,89
10,15
9,14
33,38
8,13
0,5
10,15
10,15
15,20
10,15
29,34
38,43
23,28
0,5
27,32
5,10
21,26
0,5
0,5
28,33
23,28
0,5
0,5
0,5
57,62
23,28
33,38
1,6
25,30
0,5
25,30
25,30
1,6
81,86
0,5
0,5
17,22
0,5
17,22
0,5
64,69
25,30
31,36
14,19
0,5
0,5
10,15
48,53
0,5
0,5
0,5
0,5
0,5
0,5
0,5
0,5
0,5
14,19
57,62
15,20
0,5
0,5
38,43
0,5
0,5
0,5
0,5
30,35
26,31
33,38
26,31
92,97
10,15
26,31
26,31
76,81
63,68
69,74
0,5
0,5
0,5
33,38
21,26
39,44
0,5
28,33
26,31
49,54
15,20
10,15
26,31
11,16
0,5
26,31
0,5
9,14
0,5
0,5
0,5
0,5
17,22
0,5
0,5
31,36
12,17
26,31
26,31
34,39
26,31
0,5
0,5
18,23
0,5
34,39
26,31
5,10
26,31
0,5
0,5
0,5
90,95
64,69
26,31
26,31
33,38
0,5
41,46
32,37
0,5
33,38
0,5
17,22
0,5
17,22
26,31
8,13
0,5
0,5
7,12
1,6
0,5
0,5
0,5
6,11
16,21
46,51
16,21
33,38
33,38
33,38
18,23
18,23
33,38
0,5
14,19
0,5
6,11
0,5
0,5
11,16
0,5
0,5
0,5
0,5
10,15
5,10
0,5
0,5
0,5
16,21
14,19
0,5
0,5
0,5
0,5
8,13
0,5
0,5
0,5
0,5
0,5
0,5
0,5
0,5
0,5
0,5
0,5
9,14
0,5
0,5
4,9
0,5
0,5
0,5
0,5
0,5
0,5
0,5
0,5
0,5
0,5
0,5
0,5
17,22
10,15
11,16
16,21
0,5
0,5
0,5
0,5
0,5
0,5
0,5
0,5
0,5
16,21
15,20
0,5
0,5
12,17
1,6
14,19
13,18
0,5
0,5
0,5
0,5
0,5
0,5
0,5
0,5
0,5
0,5
0,5
0,5
0,5
0,5
0,5
0,5
0,5
0,5
0,5
0,5
1,6
0,5
0,5
0,5
0,5
0,5
13,18
0,5
0,5
0,5
0,5
0,5
0,5
0,5
0,5
0,5
0,5
0,5
0,5
0,5
0,5
0,5
0,5
0,5
5,10
26,31
15,20
0,5
0,5
0,5
1,6
49,54
26,31
17,22
0,5
0,5
0,5
0,5
0,5
0,5
0,5
0,5
0,5
29,34
0,5
29,34
0,5
29,34
43,48
59,64
26,31
26,31
25,30
26,31
26,31
48,53
26,31
26,31
1,6
1,6
1,6
1,6
26,31
29,34
26,31
42,47
29,34
26,31
29,34
51,56
34,39
34,39
62,67
42,47
26,31
29,34
29,34
29,34
26,31
29,34
29,34
29,34
30,35
29,34
29,34
39,44
17,22
26,31
26,31
55,60
26,31
33,38
59,64
26,31
26,31
26,31
26,31
26,31
42,47
26,31
29,34
46,51
26,31
26,31
26,31
26,31
26,31
26,31
26,31
26,31
26,31
26,31
36,41
26,31
44,49
26,31
47,52
26,31
26,31
26,31
26,31
26,31
26,31
26,31
26,31
26,31
26,31
26,31
26,31
26,31
26,31
26,31
26,31
26,31
26,31
26,31
26,31
26,31
26,31
26,31
26,31
26,31
42,47
26,31
26,31
26,31
26,31
26,31
26,31
39,44
26,31
34,39
40,45
35,40
26,31
42,47
26,31
26,31
26,31
26,31
26,31
36,41
35,40
26,31
74,79
34,39
74,79
26,31
39,44
26,31
16,21
13,18
26,31
27,32
18,23
30,35
38,43
38,43
38,43
38,43
29,34
10,15
26,31
9,14
26,31
26,31
26,31
26,31
26,31
26,31
26,31
26,31
26,31
26,31
26,31
42,47
0,5
11,16
26,31
26,31
26,31
0,5
111,116
26,31
26,31
26,31
26,31
26,31
26,31
26,31
26,31
26,31
26,31
0,5
0,5
31,36
13,18
18,23
63,68
63,68
63,68
26,31
1,6
63,68
63,68
63,68
18,23
9,14
9,14
63,68
63,68
63,68
10,15
10,15
43,48
12,17
10,15
0,5
27,32
10,15
13,18
0,5
83,88
19,24
0,5
29,34
29,34
0,5
0,5
127,132
49,54
10,15
29,34
26,31
54,59
65,70
47,52
43,48
26,31
47,52
26,31
32,37
26,31
26,31
1,6
26,31
29,34
26,31
10,15
13,18
61,66
61,66
26,31
61,66
57,62
10,15
0,5
19,24
0,5
26,31
42,47
11,16
48,53
23,28
10,15
0,5
68,73
43,48
23,28
0,5
34,39
40,45
41,46
41,46
23,28
34,39
21,26
43,48
10,15
43,48
0,5
43,48
49,54
40,45
7,12
27,32
41,46
36,41
10,15
40,45
64,69
40,45
40,45
39,44
40,45
35,40
37,42
3,8
0,5
0,5
5,10
21,26
54,59
68,73
0,5
10,15
47,52
0,5
0,5
26,31
38,43
39,44
40,45
40,45
38,43
43,48
26,31
3,8
96,101
16,21
0,5
10,15
60,65
0,5
0,5
14,19
1,6
24,29
1,6
10,15
24,29
10,15
10,15
20,25
19,24
10,15
19,24
0,5
0,5
19,24
44,49
25,30
60,65
24,29
16,21
8,13
38,43
32,37
46,51
28,33
0,5
13,18
11,16
10,15
10,15
0,5
25,30
28,33
10,15
28,33
9,14
1,6
10,15
23,28
10,15
0,5
0,5
16,21
38,43
112,117
10,15
16,21
1,6
0,5
33,38
40,45
17,22
0,5
92,97
19,24
28,33
123,128
32,37
10,15
15,20
0,5
0,5
10,15
0,5
17,22
0,5
10,15
20,25
0,5
32,37
74,79
28,33
96,101
0,5
13,18
10,15
96,101
0,5
0,5
0,5
38,43
38,43
38,43
0,5
88,93
24,29
22,27
22,27
28,33
27,32
12,17
26,31
10,15
0,5
0,5
0,5
82,87
0,5
12,17
48,53
48,53
88,93
88,93
0,5
88,93
88,93
0,5
0,5
34,39
40,45
88,93
0,5
88,93
40,45
0,5
88,93
40,45
111,116
88,93
88,93
10,15
40,45
88,93
88,93
76,81
0,5
28,33
18,23
1,6
48,53
68,73
28,33
10,15
10,15
10,15
37,42
0,5
98,103
13,18
25,30
48,53
0,5
68,73
93,98
13,18
13,18
0,5
24,29
17,22
26,31
50,55
17,22
0,5
0,5
10,15
0,5
25,30
20,25
20,25
14,19
0,5
0,5
10,15
5,10
112,117
68,73
0,5
4,9
0,5
43,48
43,48
30,35
10,15
10,15
32,37
1,6
94,99
94,99
100,105
10,15
50,55
0,5
18,23
56,61
21,26
10,15
0,5
8,13
58,63
7,12
0,5
91,96
69,74
83,88
69,74
53,58
35,40
0,5
14,19
15,20
0,5
17,22
0,5
0,5
0,5
0,5
7,12
26,31
26,31
13,18
0,5
0,5
10,15
0,5
40,45
0,5
0,5
4,9
4,9
0,5
40,45
41,46
10,15
43,48
37,42
39,44
0,5
21,26
0,5
39,44
21,26
1,6
19,24
32,37
0,5
21,26
0,5
14,19
106,111
13,18
119,124
40,45
15,20
12,17
31,36
119,124
17,22
63,68
63,68
59,64
63,68
98,103
32,37
12,17
60,65
13,18
85,90
32,37
58,63
18,23
17,22
28,33
18,23
0,5
29,34
98,103
129,134
19,24
0,5
129,134
9,14
39,44
129,134
129,134
26,31
42,47
129,134
129,134
129,134
129,134
129,134
129,134
129,134
113,118
52,57
83,88
45,50
55,60
26,31
22,27
65,70
0,5
26,31
26,31
0,5
19,24
0,5
10,15
26,31
10,15
26,31
26,31
26,31
63,68
63,68
113,118
72,77
37,42
1,6
98,103
70,75
15,20
0,5
51,56
113,118
113,118
30,35
113,118
0,5
96,101
1,6
7,12
46,51
11,16
10,15
10,15
23,28
10,15
9,14
23,28
10,15
10,15
94,99
81,86
13,18
94,99
27,32
27,32
35,40
10,15
27,32
27,32
27,32
27,32
27,32
8,13
0,5
23,28
51,56
10,15
5,10
37,42
10,15
10,15
72,77
52,57
7,12
27,32
29,34
51,56
51,56
29,34
11,16
28,33
51,56
1,6
51,56
51,56
19,24
32,37
51,56
92,97
10,15
29,34
28,33
12,17
0,5
51,56
10,15
1,6
51,56
51,56
10,15
10,15
13,18
51,56
51,56
51,56
122,127
103,108
51,56
41,46
36,41
42,47
51,56
51,56
29,34
102,107
102,107
51,56
76,81
7,12
21,26
51,56
110,115
128,133
9,14
23,28
51,56
51,56
51,56
51,56
1,6
51,56
29,34
51,56
60,65
51,56
51,56
51,56
51,56
51,56
51,56
51,56
31,36
51,56
51,56
51,56
51,56
48,53
51,56
51,56
51,56
51,56
51,56
31,36
51,56
51,56
51,56
51,56
51,56
51,56
51,56
51,56
51,56
51,56
51,56
51,56
50,55
51,56
51,56
51,56
51,56
51,56
51,56
100,105
18,23
49,54
51,56
51,56
51,56
51,56
51,56
51,56
51,56
51,56
51,56
51,56
32,37
51,56
51,56
51,56
51,56
51,56
51,56
46,51
51,56
51,56
51,56
51,56
51,56
51,56
51,56
51,56
51,56
51,56
51,56
51,56
51,56
51,56
51,56
20,25
51,56
51,56
31,36
90,95
7,12
0,5
0,5
90,95
25,30
102,107
7,12
12,17
1,6
11,16
15,20
59,64
16,21
16,21
0,5
43,48
0,5
0,5
35,40
0,5
29,34
17,22
36,41
36,41
36,41
29,34
36,41
36,41
12,17
0,5
13,18
29,34
29,34
4,9
36,41
36,41
37,42
4,9
0,5
17,22
36,41
36,41
36,41
56,61
43,48
0,5
0,5
0,5
37,42
36,41
36,41
36,41
36,41
25,30
39,44
63,68
39,44
25,30
17,22
1,6
1,6
138,143
10,15
30,35
0,5
28,33
63,68
0,5
17,22
0,5
0,5
4,9
51,56
1,6
51,56
51,56
63,68
56,61
0,5
44,49
45,50
35,40
56,61
56,61
10,15
56,61
21,26
34,39
10,15
63,68
7,12
104,109
56,61
10,15
104,109
83,88
23,28
104,109
56,61
7,12
104,109
35,40
19,24
56,61
56,61
34,39
27,32
49,54
36,41
104,109
49,54
35,40
56,61
49,54
104,109
104,109
0,5
104,109
104,109
21,26
92,97
68,73
104,109
106,111
106,111
104,109
34,39
93,98
104,109
104,109
37,42
104,109
104,109
104,109
104,109
104,109
20,25
104,109
104,109
104,109
89,94
25,30
35,40
25,30
29,34
24,29
17,22
49,54
27,32
49,54
32,37
15,20
34,39
14,19
73,78
35,40
21,26
28,33
68,73
55,60
41,46
68,73
0,5
68,73
73,78
73,78
63,68
68,73
68,73
68,73
68,73
68,73
68,73
19,24
68,73
68,73
8,13
71,76
68,73
57,62
51,56
24,29
14,19
0,5
55,60
55,60
77,82
0,5
11,16
0,5
13,18
0,5
0,5
75,80
0,5
11,16
31,36
10,15
76,81
60,65
22,27
44,49
60,65
10,15
24,29
4,9
17,22
96,101
22,27
94,99
22,27
81,86
81,86
63,68
99,104
4,9
89,94
24,29
13,18
10,15
44,49
10,15
39,44
0,5
0,5
42,47
111,116
13,18
44,49
0,5
24,29
44,49
57,62
12,17
24,29
88,93
43,48
61,66
7,12
113,118
98,103
10,15
86,91
96,101
67,72
1,6
94,99
99,104
84,89
99,104
83,88
83,88
83,88
83,88
10,15
56,61
10,15
31,36
10,15
71,76
7,12
110,115
0,5
77,82
77,82
51,56
60,65
20,25
33,38
56,61
52,57
30,35
0,5
0,5
0,5
36,41
49,54
32,37
32,37
113,118
51,56
113,118
67,72
22,27
0,5
0,5
75,80
108,113
106,111
75,80
75,80
75,80
59,64
55,60
61,66
41,46
50,55
40,45
17,22
0,5
14,19
83,88
27,32
10,15
114,119
56,61
15,20
43,48
10,15
3,8
0,5
0,5
92,97
43,48
80,85
79,84
0,5
0,5
6,11
94,99
43,48
29,34
93,98
12,17
99,104
83,88
94,99
56,61
46,51
29,34
29,34
29,34
33,38
10,15
6,11
0,5
30,35
6,11
43,48
52,57
60,65
0,5
74,79
17,22
10,15
55,60
55,60
55,60
44,49
55,60
28,33
7,12
58,63
1,6
80,85
24,29
3,8
98,103
19,24
0,5
10,15
65,70
75,80
26,31
38,43
57,62
12,17
19,24
19,24
52,57
5,10
102,107
25,30
0,5
70,75
54,59
55,60
0,5
73,78
50,55
123,128
42,47
49,54
57,62
0,5
19,24
34,39
1,6
17,22
54,59
34,39
81,86
47,52
49,54
7,12
39,44
56,61
16,21
56,61
10,15
29,34
56,61
51,56
60,65
81,86
60,65
60,65
43,48
81,86
81,86
81,86
81,86
71,76
63,68
51,56
52,57
100,105
104,109
114,119
114,119
114,119
1,6
114,119
73,78
100,105
98,103
10,15
24,29
49,54
100,105
24,29
8,13
99,104
8,13
24,29
29,34
19,24
24,29
49,54
24,29
24,29
24,29
19,24
25,30
19,24
37,42
19,24
19,24
19,24
19,24
19,24
17,22
19,24
19,24
22,27
0,5
24,29
24,29
41,46
23,28
5,10
21,26
23,28
16,21
0,5
16,21
1,6
43,48
63,68
42,47
19,24
0,5
43,48
43,48
18,23
24,29
8,13
34,39
4,9
81,86
43,48
99,104
29,34
97,102
76,81
33,38
19,24
16,21
77,82
20,25
21,26
10,15
57,62
77,82
19,24
106,111
81,86
73,78
16,21
13,18
0,5
27,32
106,111
106,111
106,111
1,6
21,26
17,22
17,22
17,22
123,128
11,16
37,42
30,35
9,14
0,5
36,41
114,119
18,23
18,23
18,23
43,48
11,16
43,48
10,15
73,78
73,78
73,78
56,61
56,61
73,78
56,61
0,5
30,35
33,38
40,45
51,56
23,28
23,28
12,17
12,17
0,5
16,21
58,63
58,63
42,47
17,22
48,53
77,82
26,31
55,60
59,64
11,16
39,44
14,19
34,39
34,39
9,14
1,6
46,51
46,51
59,64
34,39
40,45
18,23
21,26
59,64
0,5
55,60
59,64
55,60
34,39
34,39
59,64
10,15
59,64
19,24
105,110
59,64
34,39
59,64
59,64
59,64
59,64
59,64
59,64
59,64
59,64
59,64
15,20
59,64
39,44
59,64
59,64
41,46
34,39
35,40
24,29
108,113
0,5
0,5
134,139
16,21
97,102
34,39
61,66
61,66
29,34
42,47
42,47
86,91
90,95
31,36
69,74
55,60
55,60
14,19
0,5
29,34
10,15
88,93
50,55
18,23
12,17
59,64
7,12
18,23
18,23
0,5
22,27
3,8
50,55
30,35
12,17
97,102
97,102
0,5
12,17
7,12
12,17
12,17
12,17
12,17
13,18
34,39
16,21
12,17
9,14
12,17
87,92
87,92
12,17
12,17
12,17
100,105
44,49
15,20
35,40
0,5
19,24
108,113
18,23
0,5
46,51
0,5
81,86
24,29
74,79
19,24
55,60
24,29
0,5
0,5
19,24
14,19
119,124
60,65
